0.000000 0.000000 0.000000 1.000000 0.000000 0.000000 0.000000 1.000000 0.000000 0.000000 0.000000 1.000000
-0.527344 -0.847661 0.058130 0.999996 -0.001386 0.002424 0.001416 0.999921 -0.012494 -0.002407 0.012498 0.999919
-0.664623 -1.759775 0.444397 -0.965079 0.239004 -0.107235 0.247438 0.697309 -0.672707 -0.086004 -0.675749 -0.732097
-1.271629 -2.300170 1.027078 0.493166 0.859688 0.133131 -0.668699 0.276732 0.690116 0.556443 -0.429366 0.711348
-0.552154 -1.847499 0.500348 0.492706 0.859801 0.134098 -0.668939 0.275670 0.690309 0.556562 -0.429823 0.710979
0.201193 -2.352032 0.922149 -0.490421 -0.731013 -0.474456 0.668341 -0.664872 0.333565 -0.559293 -0.153511 0.814632
-0.492228 -2.364343 1.642576 0.482780 0.866570 -0.126412 -0.657225 0.453920 0.601674 0.578774 -0.207395 0.788675
0.245871 -2.653536 2.252147 -0.503882 -0.700649 -0.505167 0.686814 -0.679656 0.257593 -0.523823 -0.217159 0.823682
-0.059313 -2.824491 3.188970 -0.500050 -0.704806 -0.503188 0.685879 -0.677063 0.266749 -0.528697 -0.211739 0.821977
-0.763220 -3.065436 3.857147 -0.495417 -0.710416 -0.499872 0.684410 -0.673600 0.279008 -0.534925 -0.203892 0.819929
-1.450569 -3.137497 4.579891 -0.492121 -0.718091 -0.492100 0.685008 -0.668273 0.290132 -0.537198 -0.194313 0.820768
-1.996431 -3.272430 5.406830 -0.494893 -0.722353 -0.482998 0.685349 -0.666187 0.294096 -0.534208 -0.185476 0.824754
-2.548392 -3.392902 6.231951 -0.497095 -0.725946 -0.475289 0.686609 -0.664007 0.296079 -0.530533 -0.179158 0.828515
-3.152558 -3.395787 7.028804 -0.497381 -0.731686 -0.466098 0.689837 -0.659363 0.298940 -0.526058 -0.172845 0.832699
-3.702549 -3.446968 7.862406 -0.496445 -0.735226 -0.461503 0.693219 -0.655773 0.299014 -0.522484 -0.171479 0.835228
-4.233671 -3.421371 8.709314 -0.493839 -0.731221 -0.470574 0.692477 -0.658020 0.295779 -0.525926 -0.179795 0.831309
-4.767245 -3.373537 9.553714 -0.490682 -0.726409 -0.481209 0.691679 -0.660588 0.291896 -0.529916 -0.189614 0.826580
-5.304203 -3.439800 10.394716 -0.488975 -0.721057 -0.490897 0.689789 -0.664100 0.288379 -0.533942 -0.197606 0.822106
-5.851960 -3.431534 11.231313 -0.486087 -0.715810 -0.501334 0.688671 -0.666922 0.284512 -0.538008 -0.206957 0.817139
-6.409777 -3.493527 12.058958 -0.482451 -0.709770 -0.513291 0.687103 -0.670108 0.280793 -0.543259 -0.217215 0.810979
-6.879045 -3.560930 12.939438 -0.478242 -0.702837 -0.526597 0.686227 -0.673253 0.275360 -0.548066 -0.229677 0.804284
-7.402347 -3.653201 13.786575 -0.473364 -0.695667 -0.540346 0.685244 -0.676272 0.270365 -0.553505 -0.242288 0.796824
-7.897890 -3.773304 14.646815 -0.469945 -0.686667 -0.554653 0.683651 -0.680626 0.263381 -0.558366 -0.255415 0.789297
-8.334190 -3.856426 15.542768 -0.466193 -0.677493 -0.568917 0.682274 -0.684701 0.256292 -0.563175 -0.268676 0.781439
-8.850698 -4.021250 16.383038 -0.462209 -0.667601 -0.583671 0.680198 -0.689203 0.249659 -0.568941 -0.281617 0.772657
-9.310076 -4.115065 17.266310 -0.458121 -0.657819 -0.597828 0.678582 -0.693236 0.242797 -0.574153 -0.294445 0.763971
-9.765319 -4.324569 18.131678 -0.451423 -0.648277 -0.613152 0.679220 -0.695280 0.235045 -0.578686 -0.310360 0.754187
-10.160807 -4.526432 19.027692 -0.448121 -0.636879 -0.627354 0.676962 -0.700086 0.227159 -0.583874 -0.322900 0.744867
-10.600887 -5.041234 19.763430 -0.443792 -0.623911 -0.643260 0.674030 -0.705434 0.219195 -0.590536 -0.336300 0.733601
-11.069560 -5.337566 20.595615 -0.439034 -0.613210 -0.656676 0.672932 -0.708705 0.211893 -0.595324 -0.348870 0.723794
-11.460743 -5.663630 21.456230 -0.436196 -0.601312 -0.669445 0.671124 -0.712975 0.203122 -0.599437 -0.360680 0.714552
-11.896716 -6.011641 22.286179 -0.432245 -0.590724 -0.681329 0.669897 -0.716140 0.195914 -0.603658 -0.371737 0.705272
-12.330761 -6.353022 23.119884 -0.428708 -0.580485 -0.692277 0.668756 -0.719101 0.188835 -0.607433 -0.382009 0.696487
-12.765861 -6.612747 23.981992 -0.424857 -0.572323 -0.701387 0.670134 -0.719739 0.181373 -0.608620 -0.392965 0.689319
-13.032637 -6.858811 24.913810 -0.423654 -0.563147 -0.709495 0.669835 -0.722042 0.173134 -0.609785 -0.401896 0.683111
-13.406373 -7.266919 25.746738 -0.423659 -0.553959 -0.716688 0.666868 -0.726199 0.167102 -0.613026 -0.407142 0.677079
-13.531901 -7.343142 26.735895 -0.426386 -0.543511 -0.723043 0.667227 -0.728699 0.154292 -0.610740 -0.416646 0.673352
-13.856277 -7.717185 27.604729 -0.430066 -0.533319 -0.728433 0.664235 -0.733371 0.144770 -0.611420 -0.421590 0.669647
-14.131089 -7.986711 28.527678 -0.435749 -0.522932 -0.732574 0.665123 -0.735445 0.129353 -0.606411 -0.430886 0.668284
-14.413194 -8.373810 29.405500 -0.443903 -0.511034 -0.736067 0.662906 -0.739978 0.113968 -0.602915 -0.437352 0.667246
-14.657596 -8.811290 30.270878 -0.456766 -0.497854 -0.737228 0.658128 -0.746698 0.096491 -0.598525 -0.441116 0.668718
-14.910625 -9.124086 31.186375 -0.471267 -0.488939 -0.734061 0.656460 -0.750286 0.078299 -0.589040 -0.444982 0.674554
-14.867268 -9.262403 32.175813 -0.496271 -0.478060 -0.724689 0.653409 -0.755299 0.050794 -0.571639 -0.448311 0.687201
-14.932326 -9.543199 33.133373 -0.513765 -0.468591 -0.718657 0.647065 -0.761674 0.034056 -0.563341 -0.447521 0.694530
-14.951984 -9.710539 34.119077 -0.530770 -0.462620 -0.710117 0.643716 -0.765070 0.017281 -0.551283 -0.447941 0.703872
-14.595764 -9.627947 35.049822 -0.565740 -0.449823 -0.691084 0.633391 -0.773688 -0.014921 -0.527971 -0.446168 0.722621
-15.446994 -10.146869 35.128095 -0.558781 -0.447427 -0.698264 0.625966 -0.779849 -0.001221 -0.543995 -0.437772 0.715839
-15.586385 -10.624411 35.995577 -0.575443 -0.435911 -0.691988 0.615916 -0.787649 -0.016012 -0.538063 -0.435421 0.721732
-15.304428 -10.402782 36.929054 -0.612800 -0.427816 -0.664416 0.603197 -0.796403 -0.043535 -0.510519 -0.427452 0.746094
-14.960582 -10.479729 37.864923 -0.638858 -0.416358 -0.646921 0.591938 -0.803139 -0.067661 -0.491396 -0.426162 0.759550
-14.858818 -10.569626 38.855661 -0.656783 -0.410478 -0.632569 0.583736 -0.807803 -0.081892 -0.477377 -0.423039 0.770162
-14.561763 -10.338202 39.782053 -0.685962 -0.404296 -0.604980 0.569989 -0.815373 -0.101389 -0.452293 -0.414381 0.789759
-14.243498 -10.240870 40.725045 -0.706116 -0.401243 -0.583441 0.560203 -0.820513 -0.113711 -0.433096 -0.407139 0.804155
-14.117911 -10.332150 41.712919 -0.717485 -0.400400 -0.569995 0.552982 -0.825003 -0.116536 -0.423587 -0.398810 0.813342
-14.778797 -10.932064 42.163841 -0.721310 -0.398593 -0.566424 0.544843 -0.831459 -0.108729 -0.427620 -0.387039 0.816910
-15.657556 -11.401095 42.252119 -0.721202 -0.400977 -0.564877 0.538774 -0.837238 -0.093564 -0.435419 -0.371819 0.819854
-16.348581 -11.892729 42.782008 -0.724250 -0.402987 -0.559521 0.531338 -0.843340 -0.080366 -0.439480 -0.355500 0.824911
-17.207243 -12.403498 42.824596 -0.722669 -0.406185 -0.559252 0.524282 -0.849388 -0.060570 -0.450420 -0.336978 0.826782
-17.195306 -12.491178 41.828518 -0.728948 -0.408610 -0.549248 0.520023 -0.852309 -0.056091 -0.445210 -0.326509 0.833775
-18.104092 -12.856301 41.626544 -0.716451 -0.413332 -0.562009 0.517193 -0.855333 -0.030262 -0.468197 -0.312349 0.826577
-18.719881 -13.178100 42.345744 -0.718668 -0.417562 -0.556019 0.515327 -0.856693 -0.022708 -0.466856 -0.302851 0.830859
-18.987325 -13.621216 43.201385 -0.720769 -0.423570 -0.548708 0.515483 -0.856755 -0.015762 -0.463432 -0.294210 0.835866
-19.796011 -13.997532 43.653507 -0.723210 -0.426156 -0.543469 0.511425 -0.859301 -0.006757 -0.464124 -0.282830 0.839402
-19.883295 -13.942383 42.658851 -0.727264 -0.430633 -0.534456 0.509902 -0.860232 -0.000728 -0.459443 -0.273049 0.845196
-20.293995 -14.181965 41.779120 -0.733503 -0.433607 -0.523411 0.506719 -0.862102 0.004076 -0.453001 -0.262233 0.852071
-19.856787 -13.866445 40.936923 -0.735257 -0.439767 -0.515755 0.506805 -0.861970 0.012474 -0.450051 -0.252215 0.856645
-19.548600 -13.000596 41.331037 -0.752967 -0.450202 -0.479957 0.502432 -0.864324 0.022513 -0.424973 -0.224194 0.877003
-20.358341 -13.281848 40.816045 -0.513122 0.681054 0.522371 0.764888 0.638960 -0.081715 -0.389426 0.357625 -0.848794
-20.352207 -14.224255 40.481634 -0.494768 0.698276 0.517316 0.761725 0.635007 -0.128613 -0.418306 0.330419 -0.846075
-19.785424 -14.971294 40.134229 -0.476557 0.703009 0.527894 0.752971 0.636333 -0.167675 -0.453793 0.317582 -0.832594
-19.428514 -15.704682 39.555647 -0.470949 0.710131 0.523374 0.752309 0.633140 -0.182114 -0.460694 0.307972 -0.832415
-18.990504 -15.825446 40.446469 -0.467580 0.716940 0.517074 0.751623 0.630328 -0.194292 -0.465222 0.297798 -0.833598
-19.614706 -15.682810 39.678337 -0.464148 0.724085 0.510163 0.751345 0.626878 -0.206164 -0.469091 0.287618 -0.835003
-19.077975 -16.508225 39.853295 0.581232 -0.706361 -0.404010 0.049073 -0.465156 0.883867 -0.812257 -0.533558 -0.235700
-18.243080 -15.967145 39.954213 0.578240 -0.711397 -0.399440 0.053263 -0.455630 0.888575 -0.814126 -0.535085 -0.225572
-18.971571 -16.460795 39.479228 0.574895 -0.717379 -0.393527 0.056419 -0.445051 0.893726 -0.816279 -0.536001 -0.215384
-19.724283 -16.962425 39.052857 0.569941 -0.723695 -0.389143 0.058868 -0.436412 0.897819 -0.819574 -0.534612 -0.206126
-18.896248 -16.543679 39.425697 0.567529 -0.728124 -0.384377 0.062802 -0.427201 0.901973 -0.820954 -0.536036 -0.196722
-19.225114 -15.618587 39.235826 0.545906 -0.746181 -0.381052 0.102974 -0.391598 0.914356 -0.831494 -0.538391 -0.136939
-19.513826 -15.727496 40.187027 0.546277 -0.702652 -0.455919 0.150228 -0.453295 0.878610 -0.824022 -0.548456 -0.142066
-18.652713 -15.330605 40.504771 0.544742 -0.706805 -0.451312 0.154896 -0.444107 0.882483 -0.824174 -0.550632 -0.132442
-19.628718 -15.204998 40.682641 0.387377 0.778088 -0.494488 -0.916734 0.381921 -0.117199 0.097665 0.498714 0.861247
-19.541871 -14.915932 41.636002 0.385568 0.773114 -0.503618 -0.916990 0.381596 -0.116248 0.102306 0.506635 0.856069
-19.174019 -14.009094 41.841747 -0.487072 -0.766267 0.419041 -0.214374 -0.360228 -0.907898 0.846643 -0.532044 0.011189
-19.514543 -14.893353 42.161324 -0.491156 -0.763801 0.418776 -0.205091 -0.365844 -0.907797 0.846583 -0.531757 0.023038
-20.454651 -14.553611 42.189133 -0.485600 -0.762110 0.428229 -0.207842 -0.375163 -0.903357 0.849114 -0.527675 0.023780
-21.399883 -14.227520 42.203303 -0.479845 -0.760731 0.437078 -0.210154 -0.384016 -0.899092 0.851812 -0.523279 0.024397
-21.281671 -13.249974 42.377744 -0.464549 -0.748724 0.472871 -0.237468 -0.409103 -0.881047 0.853114 -0.521581 0.012250
-21.576469 -14.140623 42.723921 -0.486829 -0.745261 0.455614 -0.208730 -0.407233 -0.889153 0.848192 -0.527966 0.042695
-22.565262 -14.043951 42.837689 -0.471641 -0.749665 0.464281 -0.204678 -0.419068 -0.884584 0.857707 -0.512234 0.044210
-22.907051 -14.912203 43.197300 -0.492625 -0.749553 0.442143 -0.172333 -0.413983 -0.893823 0.853008 -0.516515 0.074766
-23.902545 -14.860101 43.276518 -0.479839 -0.754774 0.447293 -0.170891 -0.419649 -0.891454 0.860553 -0.504193 0.072380
-23.454528 -15.754126 43.275852 -0.466748 -0.756415 0.458238 -0.182138 -0.424817 -0.886767 0.865431 -0.497360 0.060510
-23.692978 -16.612293 43.730484 -0.501460 -0.755416 0.421763 -0.126367 -0.418307 -0.899472 0.855902 -0.504346 0.114305
-24.665735 -16.686466 43.510842 -0.488026 -0.762934 0.423984 -0.127991 -0.417954 -0.899407 0.863394 -0.493200 0.106324
-24.696566 -15.785257 43.078555 -0.456488 -0.772232 0.441901 -0.152381 -0.421474 -0.893946 0.876583 -0.475413 0.074724
-23.725314 -16.000740 43.179730 -0.446242 -0.776896 0.444186 -0.152112 -0.423277 -0.893140 0.881890 -0.466122 0.070709
-24.692175 -15.795407 43.028015 -0.425920 -0.786001 0.448101 -0.152983 -0.425575 -0.891898 0.891733 -0.448429 0.061016
-25.611998 -15.470976 42.807403 -0.402070 -0.796312 0.451914 -0.152411 -0.428473 -0.890608 0.902835 -0.426963 0.050910
-26.456987 -15.562357 42.280484 -0.384668 -0.809848 0.442918 -0.156880 -0.415500 -0.895962 0.909626 -0.414133 0.032781
-27.235080 -15.550905 41.652440 -0.357728 -0.828137 0.431533 -0.161938 -0.400098 -0.902052 0.919678 -0.392571 0.009019
-28.219044 -15.493455 41.483578 -0.330560 -0.838931 0.432348 -0.160796 -0.401341 -0.901704 0.929986 -0.367587 -0.002230
-29.200854 -15.466184 41.295680 -0.298530 -0.851830 0.430424 -0.160068 -0.399913 -0.902467 0.940881 -0.338311 -0.016965
-29.455943 -16.180696 40.644219 -0.283787 -0.879811 0.381311 -0.144540 -0.353867 -0.924060 0.947931 -0.317351 -0.026746
-28.463582 -16.281258 40.572755 -0.269856 -0.885913 0.377274 -0.152608 -0.347508 -0.925175 0.950731 -0.307239 -0.041421
-28.241213 -17.161103 40.992782 -0.378556 -0.875453 0.300463 0.062504 -0.348060 -0.935386 0.923466 -0.335316 0.186480
-27.265527 -17.176519 41.211414 -0.365580 -0.882770 0.295072 0.055202 -0.337021 -0.939877 0.929142 -0.327312 0.171939
-27.871128 -17.266259 42.002106 -0.375707 -0.863445 0.336610 0.070257 -0.388712 -0.918677 0.924071 -0.321504 0.206705
-28.869365 -17.323156 41.985235 -0.363168 -0.869349 0.335173 0.064955 -0.382483 -0.921677 0.929457 -0.312952 0.195374
-27.888566 -17.305796 42.179482 -0.358999 -0.875116 0.324487 0.056167 -0.367290 -0.928409 0.931646 -0.315072 0.181009
-28.800935 -17.466245 41.802866 -0.340961 -0.886189 0.313712 0.052886 -0.351262 -0.934782 0.938589 -0.302134 0.166634
-28.679254 -17.856865 40.890392 -0.241225 -0.964579 0.106764 0.083437 -0.130219 -0.987968 0.966876 -0.229415 0.111893
-27.705017 -17.720167 41.069768 -0.231901 -0.967871 0.097197 0.077513 -0.117989 -0.989985 0.969646 -0.222045 0.102384
-26.785133 -18.107650 41.130345 -0.368605 -0.929370 0.020041 0.048943 -0.040932 -0.997963 0.928297 -0.366873 0.060574
-27.548144 -17.913706 41.746948 -0.403703 -0.913002 0.058743 0.020065 -0.073028 -0.997128 0.914670 -0.401365 0.047802
-26.562768 -18.022997 41.616219 -0.390553 -0.919171 0.050930 0.016192 -0.062174 -0.997934 0.920438 -0.388922 0.039166
-25.571063 -17.950859 41.722604 -0.393627 -0.918267 0.042942 0.006081 -0.049313 -0.998765 0.919250 -0.392880 0.024995
-26.564447 -18.007962 41.622966 -0.374099 -0.926254 0.045873 -0.008880 -0.045884 -0.998907 0.927346 -0.374098 0.008940
-25.987451 -17.283684 42.000453 -0.360390 -0.930552 0.064743 -0.036926 -0.055121 -0.997797 0.932070 -0.361987 -0.014496
-25.007799 -17.217598 42.189963 -0.348083 -0.934435 0.075300 -0.055021 -0.059821 -0.996692 0.935848 -0.351074 -0.030591
-24.027121 -17.121742 42.360497 -0.336036 -0.937863 0.086565 -0.073775 -0.065417 -0.995127 0.938955 -0.340785 -0.047208
-23.260386 -16.578882 42.703165 -0.321485 -0.940962 0.106010 -0.101455 -0.077080 -0.991850 0.941464 -0.329620 -0.070685
-22.270567 -16.442639 42.744354 -0.308969 -0.944029 0.115532 -0.119436 -0.082001 -0.989450 0.943543 -0.319508 -0.087415
-21.302284 -16.228264 42.872692 -0.297022 -0.946401 0.126899 -0.139213 -0.088557 -0.986295 0.944668 -0.310617 -0.105448
-20.331302 -16.023260 42.995846 -0.282311 -0.949257 0.138606 -0.159053 -0.096168 -0.982575 0.946046 -0.299438 -0.123833
-19.339452 -15.915614 43.064014 -0.267671 -0.952040 0.148233 -0.176738 -0.102721 -0.978883 0.947162 -0.288217 -0.140766
-18.361889 -15.712450 43.119654 -0.253466 -0.954362 0.157948 -0.195536 -0.109363 -0.974580 0.947376 -0.277907 -0.158892
-17.370479 -15.588870 43.162469 -0.239326 -0.956429 0.167232 -0.212298 -0.116522 -0.970233 0.947445 -0.267705 -0.175162
-16.428972 -15.298016 43.332672 -0.221279 -0.958572 0.179372 -0.231112 -0.127147 -0.964583 0.947429 -0.254898 -0.193403
-15.574152 -14.828197 43.553020 -0.206191 -0.958364 0.197546 -0.257002 -0.141756 -0.955958 0.944159 -0.247880 -0.217072
-14.630923 -14.502748 43.619357 -0.189498 -0.959320 0.209274 -0.276968 -0.152255 -0.948740 0.942008 -0.237746 -0.236849
-13.690714 -14.162288 43.629119 -0.171089 -0.960562 0.219203 -0.296159 -0.162055 -0.941291 0.939690 -0.225964 -0.256753
-12.754329 -13.811637 43.644176 -0.152906 -0.961275 0.229284 -0.314978 -0.172507 -0.933290 0.936701 -0.214925 -0.276403
-11.813430 -13.474153 43.615655 -0.130479 -0.962533 0.237707 -0.331890 -0.183520 -0.925294 0.934251 -0.199624 -0.295509
-10.907670 -13.052982 43.568603 -0.108500 -0.963010 0.246657 -0.350480 -0.195132 -0.916017 0.930264 -0.185836 -0.316344
-10.093662 -12.474283 43.518614 -0.084636 -0.963235 0.254980 -0.369919 -0.207234 -0.905657 0.925201 -0.170973 -0.338779
-9.239592 -11.962996 43.422959 -0.062027 -0.962466 0.264220 -0.391227 -0.220099 -0.893587 0.918202 -0.158796 -0.362890
-8.453014 -11.349494 43.352894 -0.037710 -0.961161 0.273399 -0.412386 -0.234241 -0.880380 0.910228 -0.145945 -0.387537
-7.525747 -11.034546 43.150449 -0.017948 -0.961114 0.275566 -0.420069 -0.242857 -0.874393 0.907315 -0.131451 -0.399375
-6.793527 -10.366523 43.017784 0.010559 -0.959463 0.281637 -0.438406 -0.257581 -0.861076 0.898715 -0.114379 -0.423355
-6.156004 -9.604480 42.904404 0.042584 -0.956033 0.290152 -0.461493 -0.276400 -0.842987 0.886121 -0.098005 -0.452973
-5.484020 -8.898524 42.680653 0.071206 -0.953518 0.292802 -0.476761 -0.290380 -0.829686 0.876144 -0.080518 -0.475277
-5.163439 -7.958904 42.560899 0.117441 -0.944421 0.307044 -0.542043 -0.320026 -0.777028 0.832104 -0.075176 -0.549501
-4.632335 -7.156149 42.289766 0.151331 -0.939117 0.308477 -0.557658 -0.338778 -0.757791 0.816159 -0.057347 -0.574974
-4.190727 -6.321036 41.961790 0.190511 -0.932034 0.308251 -0.579493 -0.360228 -0.731043 0.792397 -0.039357 -0.608734
-3.998642 -5.367921 41.727964 0.232186 -0.923029 0.306769 -0.634965 -0.382751 -0.671059 0.736823 -0.038977 -0.674961
-3.789631 -4.436794 41.429105 0.265964 -0.915270 0.302562 -0.656986 -0.401787 -0.637916 0.705431 -0.029116 -0.708181
-3.339587 -3.747450 40.861421 0.300177 -0.906135 0.298015 -0.660208 -0.422860 -0.620737 0.688490 -0.010421 -0.725171
-3.261738 -2.775769 40.638318 0.336114 -0.895434 0.291932 -0.677152 -0.445193 -0.585892 0.654594 -0.000756 -0.755980
-3.070834 -1.899187 40.196548 0.368365 -0.884288 0.286952 -0.657890 -0.466032 -0.591604 0.656877 0.029143 -0.753434
