0.000000 0.000000 0.000000 1.000000 0.000000 0.000000 0.000000 1.000000 0.000000 0.000000 0.000000 1.000000
-0.040177 -0.428760 0.902525 0.999956 0.005512 0.007553 -0.005434 0.999932 -0.010308 -0.007609 0.010266 0.999918
0.162595 -0.783618 1.815191 0.999846 0.008891 0.015120 -0.008545 0.999704 -0.022793 -0.015318 0.022661 0.999626
-0.022160 -0.809559 2.797633 0.999816 0.009994 0.016365 -0.009442 0.999397 -0.033427 -0.016689 0.033267 0.999307
-0.069182 -0.822604 3.796442 0.999885 0.008012 0.012896 -0.007456 0.999065 -0.042595 -0.013225 0.042494 0.999009
-0.087337 -0.845840 4.796007 0.999923 0.008425 0.009069 -0.007958 0.998695 -0.050443 -0.009482 0.050367 0.998686
-0.165162 -0.958944 5.786537 0.999947 0.009740 0.003340 -0.009531 0.998290 -0.057673 -0.003896 0.057638 0.998330
-0.259900 -1.029133 6.779562 0.999947 0.010226 -0.000986 -0.010267 0.998048 -0.061605 0.000354 0.061611 0.998100
-0.437325 -1.092509 7.761654 0.999954 0.009368 0.001911 -0.009257 0.998622 -0.051648 -0.002392 0.051628 0.998664
-0.658101 -1.357936 8.700166 0.999939 0.008818 0.006701 -0.008534 0.999107 -0.041381 -0.007060 0.041322 0.999121
-0.784534 -1.454691 9.687412 0.999894 0.008404 0.011914 -0.008018 0.999453 -0.032083 -0.012177 0.031984 0.999414
-0.944795 -1.313623 10.664354 0.999845 0.004984 0.016895 -0.004668 0.999814 -0.018692 -0.016985 0.018610 0.999683
-1.239792 -1.498267 11.601842 0.999750 0.002229 0.022226 -0.002078 0.999974 -0.006843 -0.022241 0.006795 0.999730
-1.352780 -1.472440 12.595102 0.999586 0.001752 0.028736 -0.001971 0.999969 0.007611 -0.028722 -0.007664 0.999558
-1.760932 -1.509606 13.507260 0.999439 -0.000555 0.033479 -0.000201 0.999745 0.022560 -0.033483 -0.022554 0.999185
-2.159622 -1.610327 14.419700 0.999243 0.000356 0.038898 -0.001840 0.999271 0.038130 -0.038856 -0.038173 0.998515
-2.266952 -1.618893 15.413886 0.998945 -0.003655 0.045784 0.001128 0.998480 0.055098 -0.045916 -0.054989 0.997431
-2.513317 -1.678923 16.381202 0.998616 -0.004052 0.052434 0.000256 0.997391 0.072193 -0.052590 -0.072079 0.996011
-2.754189 -1.777160 17.346775 0.998188 -0.005002 0.059971 -0.000341 0.996054 0.088754 -0.060178 -0.088614 0.994247
-3.115924 -1.904096 18.270374 0.997827 -0.004109 0.065766 -0.002858 0.994417 0.105484 -0.065832 -0.105443 0.992244
-3.468839 -1.966194 19.203966 0.997434 -0.004232 0.071467 -0.004579 0.992436 0.122677 -0.071446 -0.122690 0.989870
-3.711525 -1.894530 20.171421 0.996930 -0.005026 0.078143 -0.006038 0.990032 0.140714 -0.078071 -0.140754 0.986962
-3.887118 -2.015749 21.148392 0.996361 -0.008036 0.084850 -0.005359 0.987670 0.156461 -0.085061 -0.156346 0.984033
-4.007255 -1.951408 22.139062 0.995690 -0.011821 0.091986 -0.004425 0.984658 0.174438 -0.092636 -0.174094 0.980362
-4.216799 -2.117241 23.102696 0.995115 -0.011555 0.098047 -0.007243 0.981905 0.189233 -0.098460 -0.189019 0.977025
-4.607497 -2.082009 24.022541 0.994716 -0.013844 0.101723 -0.007294 0.978830 0.204543 -0.102402 -0.204204 0.973558
-5.015624 -2.126640 24.934374 0.994311 -0.016098 0.105292 -0.007336 0.975817 0.218464 -0.106262 -0.217994 0.970148
-5.340123 -2.209451 25.876628 0.993886 -0.018272 0.108884 -0.007349 0.973074 0.230376 -0.110162 -0.229768 0.966991
-4.580918 -2.215174 26.527455 0.991493 -0.018067 0.128899 -0.013861 0.970032 0.242582 -0.129419 -0.242305 0.961529
-5.187868 -2.346867 27.311208 0.991635 -0.020642 0.127409 -0.012729 0.966676 0.255686 -0.128441 -0.255170 0.958327
-5.552602 -2.459596 28.235677 0.991730 -0.016101 0.127329 -0.018578 0.963640 0.266557 -0.126992 -0.266718 0.955371
-5.943878 -2.467377 29.155917 0.992285 -0.021766 0.122053 -0.013685 0.959224 0.282315 -0.123221 -0.281807 0.951526
-6.407163 -2.551514 30.038124 0.993344 -0.026441 0.112108 -0.007818 0.955574 0.294649 -0.114918 -0.293564 0.949007
-6.734067 -2.746707 30.962804 0.994439 -0.031154 0.100596 -0.000919 0.952637 0.304110 -0.105306 -0.302511 0.947311
-5.964451 -3.279474 31.314727 0.988104 -0.031257 0.150578 -0.012450 0.959655 0.280905 -0.153283 -0.279438 0.947850
-6.674295 -3.295602 32.018901 0.991313 -0.038550 0.125747 0.000441 0.957049 0.289925 -0.131522 -0.287351 0.948752
-7.173900 -3.536386 32.851018 0.993203 -0.042007 0.108547 0.008513 0.956320 0.292196 -0.116080 -0.289286 0.950178
-6.512905 -4.110007 33.334799 0.989329 -0.040905 0.139842 0.001483 0.962561 0.271061 -0.145694 -0.267961 0.952350
-6.944214 -4.209700 34.231478 0.991278 -0.046601 0.123276 0.011040 0.961471 0.274685 -0.131327 -0.270928 0.953599
-7.455172 -4.325639 35.083229 0.992967 -0.053938 0.105387 0.022761 0.960553 0.277162 -0.116179 -0.272814 0.955026
-8.236067 -4.411205 35.702003 0.995156 -0.059679 0.078125 0.035782 0.960038 0.277572 -0.091568 -0.273432 0.957523
-8.762972 -4.440017 36.551439 0.995939 -0.068993 0.057834 0.050189 0.958823 0.279534 -0.074738 -0.275497 0.958392
-9.340594 -4.533809 37.362337 0.996640 -0.071816 0.039391 0.057946 0.958070 0.280615 -0.057892 -0.277390 0.959012
-9.336104 -4.657967 38.354589 0.996582 -0.076408 0.031404 0.064541 0.957437 0.281333 -0.051563 -0.278344 0.959096
-9.795999 -4.629788 39.242115 0.996479 -0.082966 0.012102 0.076179 0.956189 0.282665 -0.035023 -0.280748 0.959142
-9.304532 -4.993371 40.141624 0.998131 -0.060770 -0.006379 0.060011 0.955287 0.289525 -0.011501 -0.289367 0.957149
-9.140779 -5.273838 41.087417 0.997508 -0.069785 -0.010364 0.069869 0.956770 0.282329 -0.009786 -0.282350 0.959262
-10.013362 -5.007031 41.496578 0.996412 -0.075043 -0.039134 0.082990 0.957022 0.277888 0.016598 -0.280139 0.959816
-10.989824 -5.079043 41.699894 0.993464 -0.086671 -0.074285 0.103039 0.960944 0.256846 0.049123 -0.262822 0.963593
-10.981383 -5.460614 42.624195 0.992101 -0.097815 -0.078530 0.113964 0.964436 0.238485 0.052410 -0.245551 0.967966
-11.170685 -5.667313 43.584112 0.991450 -0.099330 -0.084614 0.116319 0.966644 0.228189 0.059126 -0.236080 0.969933
-11.384678 -5.819781 44.548975 0.990728 -0.100636 -0.091276 0.118441 0.968884 0.217337 0.066564 -0.226133 0.971820
-11.693072 -6.004561 45.482115 0.989668 -0.104814 -0.097831 0.123327 0.970321 0.208009 0.073125 -0.217925 0.973222
-11.930019 -6.284049 46.412568 0.988827 -0.105665 -0.105147 0.124819 0.972524 0.196511 0.081493 -0.207440 0.974847
-12.825559 -5.868364 46.571357 0.984821 -0.111719 -0.132843 0.136031 0.972139 0.190895 0.107815 -0.206068 0.972580
-11.978038 -6.310391 46.865161 0.985950 -0.120806 -0.115365 0.140126 0.974087 0.177537 0.090928 -0.191209 0.977329
-12.055785 -5.937742 45.940451 0.984216 -0.128935 -0.121224 0.148365 0.974553 0.168032 0.096474 -0.183366 0.978300
-12.905135 -6.461082 46.009157 0.981116 -0.134449 -0.139046 0.154034 0.977912 0.141286 0.116979 -0.160036 0.980155
-13.892633 -6.434230 45.853831 0.976496 -0.134824 -0.168164 0.156001 0.980466 0.119788 0.148729 -0.143206 0.978454
-14.778983 -6.894995 45.899431 0.970196 -0.140244 -0.197616 0.158859 0.983919 0.081654 0.182986 -0.110614 0.976873
-15.616844 -7.394421 46.054202 0.965896 -0.066747 -0.250179 0.090924 0.992107 0.086351 0.242441 -0.106153 0.964341
-16.295354 -6.660002 46.070107 0.960569 -0.060568 -0.271364 0.086569 0.992623 0.084886 0.264221 -0.105031 0.958726
-17.292021 -6.737214 46.043742 0.954271 -0.060710 -0.292713 0.084208 0.994102 0.068345 0.286837 -0.089868 0.953755
-17.747649 -6.795603 45.155488 0.952858 -0.056405 -0.298127 0.075999 0.995615 0.054537 0.293744 -0.074624 0.952967
-18.605386 -7.309531 45.142629 0.946713 -0.062296 -0.315997 0.076880 0.996464 0.033884 0.312769 -0.056373 0.948155
-19.589459 -7.466979 45.060115 0.938362 -0.059166 -0.340554 0.068563 0.997525 0.015612 0.338787 -0.037999 0.940095
-20.153013 -6.641291 45.034711 0.927546 -0.043489 -0.371169 0.061258 0.997465 0.036213 0.368653 -0.056326 0.927859
-21.094545 -6.964800 44.940580 0.917609 -0.044482 -0.394987 0.054234 0.998436 0.013553 0.393766 -0.033858 0.918587
-20.207334 -6.683158 44.575155 0.926863 -0.036772 -0.373593 0.045188 0.998883 0.013791 0.372669 -0.029664 0.927490
-20.989746 -7.250525 44.318394 0.914758 -0.047479 -0.401202 0.046047 0.998852 -0.013217 0.401369 -0.006384 0.915894
-21.090174 -7.684239 45.213830 0.909627 -0.044424 -0.413043 0.040105 0.999012 -0.019126 0.413485 0.000832 0.910511
-21.976518 -8.142661 45.278969 0.886474 -0.044237 -0.460659 0.022372 0.998353 -0.052819 0.462238 0.036517 0.886004
-22.921817 -8.459363 45.357141 0.871050 -0.034696 -0.489967 0.002811 0.997838 -0.065661 0.491186 0.055817 0.869264
-23.528733 -8.335698 44.572056 0.862570 -0.011536 -0.505806 -0.028672 0.997019 -0.071633 0.505125 0.076291 0.859668
-24.074284 -9.067826 44.164180 0.848608 -0.026927 -0.528336 -0.026025 0.995370 -0.092531 0.528381 0.092272 0.843978
-23.696857 -8.367109 43.573309 0.840095 0.053828 -0.539762 -0.068003 0.997665 -0.006349 0.538160 0.042040 0.841794
-24.150895 -8.426039 42.684278 0.834417 0.059567 -0.547904 -0.076672 0.997021 -0.008370 0.545774 0.048993 0.836499
-24.972286 -8.950754 42.907865 0.797119 0.059972 -0.600837 -0.097810 0.994738 -0.030473 0.595848 0.083059 0.798790
-25.603303 -8.989092 42.133044 0.785890 0.082836 -0.612793 -0.130453 0.990893 -0.033356 0.604449 0.106155 0.789539
-26.136281 -9.725207 41.715827 0.769238 0.068333 -0.635298 -0.123305 0.991451 -0.042661 0.626952 0.111152 0.771088
-26.178883 -8.979677 41.050719 0.765943 0.089069 -0.636709 -0.122033 0.992494 -0.007963 0.631220 0.083798 0.771063
-25.623092 -8.191421 40.786617 0.772567 0.119860 -0.623518 -0.133013 0.990782 0.025651 0.620845 0.063118 0.781388
-26.421734 -8.713664 40.487562 0.756125 0.132759 -0.640820 -0.152414 0.988004 0.024846 0.636432 0.078883 0.767289
-26.259846 -8.539903 39.516172 0.747911 0.166486 -0.642582 -0.203516 0.978928 0.016753 0.631831 0.118246 0.766034
-26.929380 -9.282096 39.545728 0.727230 0.169531 -0.665129 -0.212602 0.976998 0.016570 0.652639 0.129358 0.746545
-27.373591 -10.177915 39.532106 0.692590 0.124769 -0.710459 -0.188408 0.982027 -0.011207 0.696291 0.141618 0.703650
-26.810542 -9.387078 39.292204 0.732380 0.195645 -0.652183 -0.214816 0.975304 0.051345 0.646122 0.102495 0.756321
-26.369774 -8.529116 39.028338 0.752017 0.245374 -0.611769 -0.231453 0.967328 0.103472 0.617171 0.063783 0.784240
-26.915840 -9.343442 39.225026 0.728628 0.247819 -0.638503 -0.241535 0.965325 0.099039 0.640907 0.082058 0.763220
-27.414021 -10.000748 39.790502 0.702232 0.249257 -0.666889 -0.250604 0.963302 0.096160 0.666384 0.099598 0.738927
-27.842418 -10.454155 40.445558 0.682513 0.242794 -0.689367 -0.173256 0.970072 0.170125 0.710041 0.003324 0.704152
-27.933133 -11.026511 41.260530 0.662676 0.245280 -0.707600 -0.179913 0.969315 0.167510 0.726975 0.016301 0.686471
-27.925557 -11.564293 42.103580 0.644000 0.247282 -0.723958 -0.186240 0.968525 0.165147 0.742010 0.028475 0.669784
-27.771993 -11.991164 42.994758 0.625448 0.250059 -0.739111 -0.193229 0.967388 0.163777 0.755962 0.040383 0.653369
-27.498071 -12.358911 43.883425 0.607647 0.254163 -0.752440 -0.201816 0.965726 0.163227 0.768138 0.052670 0.638115
-27.179816 -12.954661 44.620850 0.588449 0.253814 -0.767663 -0.208630 0.964963 0.159124 0.781154 0.066521 0.620784
-26.627047 -13.183670 45.422101 0.571781 0.255514 -0.779602 -0.215774 0.963644 0.157580 0.791522 0.078116 0.606127
-26.051906 -13.312202 46.229994 0.552675 0.261093 -0.791443 -0.228688 0.960717 0.157240 0.801407 0.094091 0.590673
-25.563021 -13.659131 47.030389 0.532838 0.262763 -0.804388 -0.237476 0.958802 0.155897 0.812213 0.107955 0.573286
-24.993625 -14.017065 47.770437 0.513412 0.263938 -0.816544 -0.246254 0.956821 0.154446 0.822051 0.121783 0.556239
-24.385763 -14.297622 48.513264 0.494402 0.264888 -0.827889 -0.253869 0.954913 0.153923 0.831334 0.134076 0.539358
-23.791808 -14.538433 49.280876 0.473203 0.267771 -0.839272 -0.265240 0.951785 0.154120 0.840075 0.149679 0.521412
-23.096075 -14.705593 49.979455 0.455197 0.267596 -0.849228 -0.270986 0.950160 0.154148 0.848152 0.159961 0.505025
-22.814651 -15.109432 50.849923 0.430481 0.267326 -0.862104 -0.274485 0.948670 0.157109 0.859851 0.169002 0.481761
-22.201334 -15.361376 51.598499 0.408534 0.268812 -0.872261 -0.284866 0.945464 0.157951 0.867151 0.183949 0.462830
-21.687487 -16.026722 52.255253 0.380855 0.381283 -0.842361 -0.339738 0.905001 0.256031 0.859958 0.188671 0.474211
-21.211473 -16.587433 52.932758 0.356062 0.384954 -0.851487 -0.353970 0.898865 0.258356 0.864827 0.209410 0.456314
-20.394465 -16.063443 53.173448 0.346495 0.398029 -0.849420 -0.365693 0.891188 0.268428 0.863835 0.217618 0.454348
-19.840506 -16.422611 53.924532 0.316597 0.397907 -0.861067 -0.373745 0.886657 0.272313 0.871826 0.235606 0.429429
-19.563944 -17.077394 54.627934 0.266284 0.382511 -0.884748 -0.373433 0.887143 0.271155 0.888618 0.258190 0.379074
-18.859478 -17.172600 55.331256 0.239878 0.385772 -0.890864 -0.385414 0.880083 0.277325 0.891019 0.276827 0.359794
-18.029879 -17.324403 55.868585 0.227400 0.388879 -0.892783 -0.395745 0.874586 0.280153 0.889761 0.289608 0.352778
-17.288051 -17.576136 56.490132 0.207086 0.390455 -0.897029 -0.407259 0.868088 0.283838 0.889525 0.306544 0.338785
-16.555065 -17.765547 57.143473 0.185596 0.391824 -0.901126 -0.418811 0.861134 0.288176 0.888905 0.323917 0.323923
-15.923505 -18.074664 57.854514 0.154418 0.391075 -0.907312 -0.430870 0.853056 0.294358 0.889104 0.345480 0.300229
-15.442780 -18.667396 58.500712 0.109478 0.378208 -0.919224 -0.440499 0.847474 0.296225 0.891053 0.372487 0.259380
-14.758930 -18.857116 59.205237 0.082025 0.378104 -0.922122 -0.452984 0.838291 0.303436 0.887737 0.392817 0.240036
-13.885258 -18.875219 59.691415 0.077372 0.384192 -0.920005 -0.467382 0.829071 0.306912 0.880663 0.406247 0.243711
-14.676183 -18.694719 59.106730 0.073899 0.396246 -0.915166 -0.487958 0.814688 0.313339 0.869733 0.423407 0.253555
-15.279631 -18.213617 58.470812 0.068539 0.409841 -0.909579 -0.512697 0.796588 0.320296 0.855829 0.444385 0.264722
-14.641444 -18.796150 59.111051 0.032728 0.564040 -0.825099 -0.422101 0.756107 0.500134 0.905958 0.331906 0.262828
-14.330321 -19.594510 59.626631 -0.068573 0.527913 -0.846526 -0.400729 0.762487 0.507966 0.913627 0.374060 0.159264
-13.838107 -20.045347 60.371259 -0.156439 0.516875 -0.841645 -0.385363 0.752659 0.533855 0.909408 0.407854 0.081439
