#timestamp [s],p_x [m],p_y [m],p_z [m],R11,R21,R31,R12,R22,R32,R13,R23,R33
1403636579.763556,0.000000,0.000000,0.000000,0.362577,0.014814,-0.931836,0.014814,0.999656,0.021657,0.931836,-0.021657,0.362233
1403636579.813555,-0.013106,-0.000093,-0.017971,0.359229,0.014189,-0.933142,0.011295,0.999745,0.019550,0.933181,-0.017563,0.358977
1403636579.863556,0.748245,0.074737,-0.665829,0.353487,0.014337,-0.935329,0.013614,0.999698,0.020469,0.935340,-0.019969,0.353185
1403636579.913556,1.261726,0.427586,-1.485235,0.363353,0.019633,-0.931445,0.020863,0.999356,0.029203,0.931418,-0.030044,0.362709
1403636579.963556,1.882742,0.554341,-2.297421,0.362341,0.019877,-0.931833,0.023072,0.999275,0.030287,0.931760,-0.032474,0.361620
1403636580.013556,1.212764,0.219288,-1.686617,0.330567,0.012066,-0.943705,0.043170,0.998678,0.027890,0.942795,-0.049960,0.329609
1403636580.063556,0.573628,0.363215,-1.005082,0.298279,0.018742,-0.954295,0.044892,0.998425,0.033641,0.953422,-0.052875,0.296968
1403636580.113555,1.235265,0.472985,-1.756461,0.283723,0.021247,-0.958671,0.049629,0.998089,0.036808,0.957621,-0.058021,0.282126
1403636580.163556,1.157599,-0.469388,-1.691834,0.285916,-0.259498,-0.922450,0.131430,0.964157,-0.230494,0.949199,-0.055335,0.309773
1403636580.213556,0.052104,-0.674162,-2.375409,0.278722,-0.260738,-0.924299,0.135665,0.963478,-0.230881,0.950741,-0.061043,0.303915
1403636580.263556,-0.669482,0.027738,-3.132842,0.258246,-0.204329,-0.944224,0.142430,0.974750,-0.171980,0.955522,-0.090073,0.280827
1403636580.313555,-0.262892,-0.146330,-4.168406,0.240565,-0.210625,-0.947505,0.149741,0.972539,-0.178172,0.959013,-0.099018,0.265498
1403636580.363556,-0.351365,-0.087499,-5.487958,0.242693,-0.209249,-0.947267,0.174674,0.969927,-0.169502,0.954248,-0.124326,0.271945
1403636580.413556,-0.769018,-0.809555,-5.180167,0.149832,-0.434475,-0.888134,0.269882,0.882134,-0.386009,0.951165,-0.181855,0.249429
1403636580.463556,-0.971227,-1.375896,-6.391020,0.150866,-0.439900,-0.885284,0.263329,0.881060,-0.392926,0.952836,-0.173842,0.248761
1403636580.513556,-1.385432,-0.448714,-6.531671,0.053743,-0.159326,-0.985762,0.103392,0.982771,-0.153206,0.993188,-0.093686,0.069290
1403636580.563556,-2.429500,-0.384722,-6.063370,0.040728,-0.161526,-0.986028,0.103197,0.982249,-0.156644,0.993827,-0.095376,0.056674
1403636580.613555,-2.352538,-0.952149,-6.971000,0.108148,-0.203625,-0.973057,0.103879,0.975755,-0.192644,0.988693,-0.080246,0.126678
1403636580.663556,-2.021389,-0.749967,-7.016175,0.121417,-0.225592,-0.966626,0.084439,0.972648,-0.216391,0.989004,-0.055348,0.137145
1403636580.713556,-2.617380,0.217939,-7.540197,0.163539,0.058199,-0.984819,-0.044683,0.997671,0.051539,0.985525,0.035576,0.165758
1403636580.763556,-3.342434,-0.086057,-7.171365,0.148393,0.040264,-0.988109,-0.072562,0.996921,0.029726,0.986263,0.067288,0.150857
1403636580.813555,-2.994459,0.072342,-8.007963,0.193223,0.039850,-0.980345,-0.096691,0.995085,0.021392,0.976379,0.090657,0.196126
1403636580.863556,-3.824892,0.924196,-8.197212,0.140032,0.216568,-0.966173,-0.158148,0.968152,0.194090,0.977436,0.125619,0.169822
1403636580.913556,-5.110971,0.696534,-8.150361,0.158620,0.219222,-0.962695,-0.168938,0.966686,0.192295,0.972779,0.132134,0.190371
1403636580.963556,-5.053729,0.264433,-9.341262,0.371101,0.063130,-0.926444,-0.134371,0.990837,0.013693,0.918819,0.119405,0.376183
1403636581.013556,-5.239829,-0.420273,-9.560137,0.289602,-0.170116,-0.941908,-0.165834,0.960278,-0.224421,0.942672,0.221193,0.249887
1403636581.063556,-4.972907,-1.190131,-10.363269,0.442651,-0.339556,-0.829917,-0.247527,0.843297,-0.477053,0.861853,0.416595,0.289237
1403636581.113555,-5.924146,-1.103893,-10.618795,0.381930,-0.327502,-0.864217,-0.228421,0.872644,-0.431643,0.895518,0.362263,0.258481
1403636581.163556,-7.138022,-1.615781,-10.801045,0.394537,-0.322082,-0.860583,-0.231230,0.871618,-0.432220,0.889311,0.369519,0.269410
1403636581.213556,-7.929031,-1.213637,-12.066304,0.404547,-0.220920,-0.887432,-0.252698,0.905599,-0.340638,0.878911,0.362057,0.310532
1403636581.263556,-8.696633,-1.459300,-12.128757,0.382168,-0.220411,-0.897422,-0.264297,0.904501,-0.334701,0.885491,0.365098,0.287418
1403636581.313555,-9.486879,-1.939953,-12.200658,0.372549,-0.231306,-0.898724,-0.263116,0.902372,-0.341314,0.889931,0.363625,0.275317
1403636581.363556,-10.173855,-1.728834,-12.507421,0.172518,-0.171111,-0.970030,-0.196565,0.959007,-0.204125,0.965194,0.225889,0.131811
1403636581.413556,-10.935909,-1.982876,-13.503384,0.170430,-0.175955,-0.969533,-0.198677,0.957584,-0.208711,0.965133,0.228194,0.128243
1403636581.463556,-11.718421,-2.239687,-14.519301,0.175503,-0.179769,-0.967927,-0.199057,0.956399,-0.213720,0.964145,0.230181,0.132067
1403636581.513556,-12.168470,-2.304543,-16.471183,0.281681,-0.144652,-0.948542,-0.211404,0.954922,-0.208404,0.935930,0.259229,0.238403
1403636581.563556,-12.410666,-2.685328,-18.484253,0.282524,-0.137681,-0.949328,-0.217712,0.954618,-0.203240,0.934228,0.264101,0.239728
1403636581.613555,-13.072607,-3.630344,-18.917683,0.167503,-0.392764,-0.904256,-0.264979,0.865528,-0.425027,0.949594,0.310803,0.040904
1403636581.663556,-13.666193,-4.234970,-20.817842,0.201900,-0.373695,-0.905311,-0.253603,0.872875,-0.416864,0.946003,0.313755,0.081463
1403636581.713556,-14.569983,-4.803469,-21.829228,0.209288,-0.373914,-0.903542,-0.251016,0.872499,-0.419210,0.945087,0.314539,0.088745
1403636581.763556,-15.477425,-5.662428,-21.908138,0.160624,-0.405385,-0.899924,-0.274365,0.857490,-0.435241,0.948116,0.316818,0.026510
1403636581.813555,-16.056626,-6.407740,-23.788944,0.180934,-0.406811,-0.895415,-0.267888,0.855631,-0.442867,0.946308,0.320001,0.045833
1403636581.863556,-16.409926,-7.139441,-24.060683,0.167813,-0.408132,-0.897367,-0.267352,0.857320,-0.439915,0.948874,0.313736,0.034755
1403636581.913556,-16.771828,-7.851339,-25.814921,0.162377,-0.404054,-0.900208,-0.275859,0.857349,-0.434575,0.947384,0.318895,0.027752
1403636581.963556,-17.738602,-8.339147,-25.877244,0.136022,-0.400291,-0.906237,-0.301370,0.854670,-0.422748,0.943755,0.330616,-0.004382
1403636582.013556,-18.889556,-9.031436,-26.890585,0.149611,-0.391546,-0.907914,-0.304242,0.855467,-0.419063,0.940773,0.338922,0.008863
1403636582.063556,-20.446519,-8.830620,-28.126630,0.155434,-0.224919,-0.961900,-0.382180,0.884217,-0.268511,0.910922,0.409355,0.051478
1403636582.113555,-21.281708,-9.887560,-30.093998,0.165647,-0.227423,-0.959604,-0.391884,0.877744,-0.275669,0.904980,0.421717,0.056272
1403636582.163556,-22.942275,-9.676664,-31.063358,0.129198,0.045129,-0.990591,-0.498832,0.866321,-0.025593,0.857015,0.497445,0.134439
1403636582.213556,-23.874971,-11.115220,-32.558801,0.129287,0.029226,-0.991176,-0.485586,0.873380,-0.037586,0.864575,0.486161,0.127108
1403636582.263556,-25.160828,-11.657145,-33.832964,0.135444,0.032816,-0.990241,-0.482817,0.874937,-0.037044,0.865184,0.483123,0.134349
1403636582.313555,-26.470818,-12.212943,-35.144249,0.137175,0.034351,-0.989951,-0.479281,0.876924,-0.035983,0.866875,0.479400,0.136756
1403636582.363556,-27.200128,-13.531242,-36.220406,0.211367,-0.340265,-0.916266,-0.323580,0.860223,-0.394097,0.922291,0.379784,0.071720
1403636582.413556,-27.839326,-14.952738,-37.021060,0.221219,-0.452295,-0.863997,-0.260172,0.826467,-0.499263,0.939879,0.335234,0.065156
1403636582.463556,-29.695451,-15.725341,-37.437183,0.194762,-0.460117,-0.866234,-0.265863,0.825320,-0.498160,0.944132,0.327322,0.038413
1403636582.513556,-30.427391,-17.106557,-39.333463,0.283321,-0.476136,-0.832481,-0.186521,0.824115,-0.534830,0.940712,0.306804,0.144680
1403636582.563556,-31.672265,-18.059961,-40.783504,0.273371,-0.479372,-0.833949,-0.188756,0.823384,-0.535173,0.943207,0.303714,0.134604
1403636582.613555,-33.086981,-18.688671,-41.330801,0.275517,-0.480201,-0.832765,-0.182549,0.824395,-0.535770,0.943804,0.299634,0.139475
1403636582.663556,-33.719789,-19.271372,-42.192594,0.263991,-0.479231,-0.837046,-0.158454,0.834493,-0.527743,0.951421,0.271953,0.144362
1403636582.713556,-35.091974,-19.752872,-44.676059,0.283545,-0.457967,-0.842537,-0.147288,0.847372,-0.510163,0.947580,0.268750,0.172815
1403636582.763556,-36.788219,-20.203338,-45.532303,0.240625,-0.448853,-0.860599,-0.173961,0.852350,-0.493190,0.954902,0.268384,0.127014
1403636582.813555,-38.636718,-20.837808,-46.323522,0.230266,-0.440989,-0.867471,-0.183579,0.855734,-0.483753,0.955655,0.270642,0.116090
1403636582.863556,-39.731087,-21.601755,-48.943794,0.286520,-0.406728,-0.867455,-0.198181,0.860672,-0.469007,0.937353,0.306293,0.165994
1403636582.913556,-40.496976,-22.126625,-51.523975,0.528664,-0.243161,-0.813257,-0.146958,0.917403,-0.369831,0.836013,0.315031,0.449264
1403636582.963556,-40.707509,-23.329543,-53.097511,0.530651,-0.262046,-0.806065,-0.140593,0.910621,-0.388592,0.835849,0.319534,0.446380
1403636583.013556,-41.373617,-24.005190,-55.368539,0.516038,-0.265770,-0.814291,-0.143477,0.910396,-0.388063,0.844464,0.317087,0.431668
1403636583.063556,-42.060605,-24.685858,-57.668311,0.506741,-0.270878,-0.818436,-0.141477,0.910354,-0.388896,0.850410,0.312859,0.422991
1403636583.113555,-42.768058,-25.370921,-59.996176,0.502454,-0.273434,-0.820228,-0.141214,0.909982,-0.389860,0.852994,0.311714,0.418611
1403636583.163556,-43.496428,-26.059890,-62.351123,0.502451,-0.277201,-0.818964,-0.141516,0.908071,-0.394184,0.852946,0.313955,0.417032
1403636583.213556,-44.825953,-25.947497,-64.618847,0.472649,-0.243131,-0.847048,-0.151844,0.924344,-0.350045,0.868071,0.294067,0.399972
1403636583.263556,-46.179052,-25.742129,-67.387897,0.465190,-0.197037,-0.863003,-0.160045,0.940126,-0.300915,0.870623,0.278102,0.405802
1403636583.313555,-47.441883,-25.352933,-69.486450,0.353156,0.010484,-0.935506,-0.174120,0.983203,-0.054712,0.919219,0.182212,0.349049
1403636583.363556,-48.685221,-25.264328,-71.877482,0.357393,0.010811,-0.933892,-0.171136,0.983761,-0.054104,0.918141,0.179159,0.353439
1403636583.413556,-50.582021,-25.765129,-74.805650,0.345632,0.012853,-0.938282,-0.172540,0.983729,-0.050082,0.922371,0.179201,0.342226
1403636583.463556,-51.580636,-26.565569,-76.865604,0.421923,-0.419992,-0.803485,-0.044878,0.875469,-0.481185,0.905520,0.239082,0.350533
1403636583.513556,-52.058343,-27.715705,-79.979021,0.428964,-0.420215,-0.799630,-0.039335,0.875682,-0.481283,0.902465,0.237907,0.359107
1403636583.563556,-53.470629,-28.890461,-81.489598,0.372487,-0.470429,-0.799969,-0.056406,0.848931,-0.525485,0.926322,0.240859,0.289681
1403636583.613555,-54.849663,-29.833787,-82.825725,0.141113,-0.617241,-0.774016,-0.164387,0.756376,-0.633144,0.976250,0.216583,0.005267
1403636583.663556,-56.719034,-30.860859,-83.587367,-0.042275,-0.711950,-0.700957,-0.285814,0.680882,-0.674322,0.957352,0.171836,-0.232269
1403636583.713556,-58.587977,-31.389712,-84.751805,-0.841976,-0.485631,-0.235030,-0.529863,0.662291,0.529731,-0.101596,0.570555,-0.814951
1403636583.763556,-59.311140,-32.920618,-82.537862,-0.848346,-0.487134,-0.207387,-0.513568,0.661948,0.545960,-0.128676,0.569671,-0.811738
1403636583.813555,-61.570620,-35.309461,-80.587724,-0.857670,-0.472793,-0.202164,-0.497692,0.664456,0.557495,-0.129251,0.578762,-0.805189
1403636583.863556,-62.903686,-37.277930,-78.776740,-0.860124,-0.463135,-0.213756,-0.496823,0.665720,0.556762,-0.115554,0.585084,-0.802698
1403636583.913556,-64.542912,-38.712733,-76.192429,-0.860696,-0.457769,-0.222823,-0.490969,0.630474,0.601209,-0.134731,0.626857,-0.767397
1403636583.963556,-66.044478,-41.565282,-73.831930,-0.866422,-0.447782,-0.220916,-0.482527,0.637133,0.601024,-0.128375,0.627338,-0.768093
1403636584.013556,-67.241535,-44.366996,-71.361733,-0.855471,-0.474166,-0.208174,-0.496855,0.638240,0.588035,-0.145961,0.606479,-0.781587
1403636584.063556,-68.732844,-46.025560,-68.721132,-0.853703,-0.477594,-0.207593,-0.498810,0.635423,0.589429,-0.149599,0.606747,-0.780691
1403636584.113555,-69.913801,-48.189284,-66.930591,-0.854044,-0.477310,-0.206841,-0.499237,0.640310,0.583752,-0.146188,0.601812,-0.785144
1403636584.163556,-71.970252,-50.325158,-65.628140,-0.817684,-0.477317,-0.321808,-0.573141,0.622700,0.532686,-0.053870,0.620010,-0.782742
1403636584.213556,-73.002313,-53.527441,-64.130728,-0.991139,0.003942,-0.132767,0.093908,0.727694,-0.679443,0.093935,-0.685891,-0.721616
1403636584.263556,-74.911894,-51.129910,-63.526478,-0.727155,0.372354,-0.576713,0.471336,0.881597,-0.025087,0.499088,-0.290068,-0.816561
1403636584.313555,-76.612728,-49.976928,-62.958164,-0.705879,0.402672,-0.582744,0.504538,0.863265,-0.014637,0.497169,-0.304349,-0.812524
1403636584.363556,-79.023764,-48.306538,-61.899122,-0.708684,0.402291,-0.579594,0.502752,0.864304,-0.014823,0.494982,-0.301897,-0.814770
1403636584.413556,-81.483554,-46.470866,-61.831900,-0.408551,0.418137,-0.811325,0.492960,0.849184,0.189414,0.768165,-0.322565,-0.553060
1403636584.463556,-83.239007,-45.167142,-62.076154,-0.405583,0.419503,-0.812108,0.479493,0.854051,0.201701,0.778196,-0.307594,-0.547537
1403636584.513556,-85.862247,-43.378136,-62.119399,-0.414179,0.421251,-0.806848,0.476693,0.855551,0.201978,0.775383,-0.300964,-0.555159
1403636584.563556,-87.978911,-41.987164,-62.919828,-0.397380,0.434296,-0.808379,0.475015,0.851064,0.223722,0.785143,-0.295090,-0.544492
1403636584.613555,-89.817204,-39.933473,-62.514239,-0.623187,0.676957,-0.391620,0.501724,0.730180,0.463799,0.599925,0.092548,-0.794685
1403636584.663556,-92.387377,-39.531494,-60.779344,-0.522103,-0.078708,-0.849243,0.805579,0.281493,-0.521348,0.280090,-0.956330,-0.083562
1403636584.713556,-94.311871,-37.669877,-63.301770,-0.280867,-0.085052,-0.955971,0.921359,0.254995,-0.293385,0.268720,-0.963195,0.006744
1403636584.763556,-94.392799,-35.291156,-65.844888,-0.238715,0.034349,-0.970482,0.925716,0.309961,-0.216733,0.293367,-0.950129,-0.105790
1403636584.813555,-94.653167,-32.563193,-68.486426,-0.188175,0.097030,-0.977331,0.932343,0.330476,-0.146703,0.308750,-0.938814,-0.152653
1403636584.863556,-96.412593,-30.416770,-70.541238,-0.127104,-0.010676,-0.991832,0.946210,0.298652,-0.124473,0.297542,-0.954302,-0.027858
1403636584.913556,-97.131872,-28.051123,-72.834039,-0.126198,-0.000137,-0.992005,0.947307,0.296779,-0.120552,0.294422,-0.954946,-0.037323
1403636584.963556,-97.855619,-25.665964,-75.144775,-0.120945,0.007009,-0.992634,0.948089,0.297093,-0.113420,0.294109,-0.954823,-0.042577
1403636585.013556,-99.474938,-23.713762,-77.498293,-0.107073,-0.052602,-0.992859,0.951686,0.283638,-0.117660,0.287802,-0.957487,0.019691
1403636585.063556,-100.158628,-21.432154,-79.998105,-0.103128,-0.054634,-0.993167,0.951391,0.285905,-0.114518,0.290208,-0.956699,0.022493
1403636585.113555,-101.764354,-19.310711,-82.162751,-0.116111,-0.093751,-0.988802,0.950901,0.277061,-0.137930,0.286889,-0.956268,0.056978
1403636585.163556,-101.798289,-16.380829,-84.972245,-0.122693,-0.076206,-0.989514,0.947005,0.289251,-0.139699,0.296863,-0.954215,0.036679
1403636585.213556,-101.612982,-13.778127,-87.612494,-0.137688,0.064887,-0.988348,0.937119,0.331626,-0.108779,0.320704,-0.941177,-0.106468
1403636585.263556,-102.477977,-11.102690,-89.817350,-0.141072,0.056944,-0.988360,0.934627,0.336866,-0.113994,0.326453,-0.939829,-0.100744
1403636585.313555,-102.969366,-8.261022,-91.130232,-0.332316,0.101016,-0.937743,0.910011,0.295651,-0.290640,0.247885,-0.949940,-0.190175
1403636585.363556,-104.302042,-4.424943,-93.013090,-0.347142,0.098748,-0.932599,0.907056,0.287943,-0.307145,0.238206,-0.952543,-0.189527
1403636585.413556,-105.935315,-1.770367,-94.130590,-0.391740,0.055446,-0.918404,0.893822,0.259684,-0.365577,0.218225,-0.964101,-0.151287
1403636585.463556,-107.818081,0.980369,-95.462447,-0.485699,-0.304536,-0.819362,0.863286,-0.019949,-0.504321,0.137238,-0.952292,0.272591
1403636585.513556,-108.110985,2.899383,-98.850224,-0.502585,-0.269116,-0.821575,0.848393,0.029212,-0.528559,0.166244,-0.962665,0.213634
1403636585.563556,-109.827722,4.350542,-102.427174,-0.482139,-0.293099,-0.825612,0.861408,0.013231,-0.507741,0.159742,-0.955990,0.246099
1403636585.613555,-111.011208,6.897417,-104.535898,-0.514060,-0.312593,-0.798766,0.844794,-0.023238,-0.534588,0.148547,-0.949603,0.276022
1403636585.663556,-111.767103,9.312971,-108.191959,-0.519876,-0.320996,-0.791638,0.838372,-0.013922,-0.544921,0.163897,-0.946978,0.276351
1403636585.713556,-113.960111,11.625707,-110.495337,-0.568265,-0.461512,-0.681235,0.811967,-0.180332,-0.555149,0.133360,-0.868612,0.477209
1403636585.763556,-114.682623,13.106358,-114.355813,-0.566320,-0.472727,-0.675137,0.808281,-0.158407,-0.567089,0.161132,-0.866855,0.471805
1403636585.813555,-115.421126,14.958553,-117.916250,-0.569365,-0.490904,-0.659422,0.800253,-0.147330,-0.581283,0.188202,-0.858666,0.476732
1403636585.863556,-117.198776,16.548629,-121.163823,-0.560052,-0.507461,-0.654848,0.806058,-0.151212,-0.572194,0.191345,-0.848303,0.493729
1403636585.913556,-118.982787,18.160447,-124.450663,-0.551329,-0.523975,-0.649220,0.810906,-0.153617,-0.564654,0.196133,-0.837766,0.509588
1403636585.963556,-120.772181,19.793791,-127.776315,-0.542535,-0.542318,-0.641519,0.814204,-0.151568,-0.560445,0.206705,-0.826389,0.523789
1403636586.013556,-122.567513,21.449012,-131.140740,-0.532761,-0.562667,-0.632116,0.816182,-0.144245,-0.559499,0.223632,-0.814002,0.536087
1403636586.063556,-124.368871,23.126665,-134.544424,-0.524518,-0.583039,-0.620441,0.814874,-0.132623,-0.564262,0.246702,-0.801546,0.544666
1403636586.113555,-126.178126,24.827853,-137.987080,-0.514729,-0.600857,-0.611576,0.814494,-0.119988,-0.567629,0.267682,-0.790300,0.551155
1403636586.163556,-127.368757,26.248565,-142.186787,-0.506097,-0.609634,-0.610092,0.807671,-0.086862,-0.583200,0.302545,-0.787910,0.536344
1403636586.213556,-128.643581,28.812912,-145.474326,-0.721132,-0.614279,-0.320360,0.429844,-0.034066,-0.902260,0.543326,-0.788354,0.288610
1403636586.263556,-132.003009,30.713030,-147.534664,-0.709251,-0.629093,-0.318126,0.432186,-0.031509,-0.901234,0.556936,-0.776691,0.294233
1403636586.313555,-135.376947,32.638005,-149.628061,-0.695538,-0.644629,-0.317301,0.435957,-0.027610,-0.899544,0.571111,-0.763997,0.300235
1403636586.363556,-138.765721,34.588490,-151.754702,-0.681412,-0.660405,-0.315505,0.439111,-0.024010,-0.898112,0.585542,-0.750526,0.306352
1403636586.413556,-142.402646,35.641550,-154.221833,-0.653272,-0.684742,-0.323056,0.453640,-0.012377,-0.891099,0.606174,-0.728681,0.318712
1403636586.463556,-145.593827,37.537202,-157.420666,-0.639123,-0.698695,-0.321476,0.439662,0.011047,-0.898096,0.631046,-0.715334,0.300129
1403636586.513556,-149.601603,39.282252,-160.409666,-0.605331,-0.709247,-0.361308,0.463245,0.055219,-0.884509,0.647286,-0.702794,0.295129
1403636586.563556,-153.098509,41.316331,-162.620922,-0.597162,-0.718709,-0.356169,0.464597,0.052052,-0.883991,0.653871,-0.693360,0.302827
1403636586.613555,-156.613852,43.373917,-164.865825,-0.592544,-0.724219,-0.352702,0.466310,0.048641,-0.883283,0.656846,-0.687853,0.308888
1403636586.663556,-160.743220,44.800761,-166.678589,0.627385,0.291512,0.722087,-0.763634,0.411894,0.497199,-0.152483,-0.863345,0.481024
1403636586.713556,-159.543651,49.275124,-167.623253,0.627873,0.295926,0.719863,-0.764323,0.409021,0.498509,-0.146918,-0.863209,0.482997
1403636586.763556,-158.341672,53.774592,-168.610656,0.627511,0.303439,0.717046,-0.766414,0.403072,0.500143,-0.137258,-0.863399,0.485492
1403636586.813555,-157.137714,58.299694,-169.640079,0.628247,0.311074,0.713119,-0.767492,0.398029,0.502522,-0.127520,-0.863022,0.488807
1403636586.863556,-155.248650,62.831542,-169.983157,0.531586,0.362545,0.765492,-0.832081,0.392433,0.391967,-0.158298,-0.845315,0.510279
1403636586.913556,-154.024859,67.393326,-171.136594,0.535912,0.365986,0.760823,-0.830507,0.390598,0.397104,-0.151841,-0.844682,0.513281
1403636586.963556,-152.235948,72.432143,-171.640877,0.522088,0.370670,0.768132,-0.838909,0.385590,0.384124,-0.153801,-0.844940,0.512271
1403636587.013556,-150.988466,77.045321,-172.858694,0.527552,0.370379,0.764531,-0.836490,0.383508,0.391414,-0.148232,-0.846015,0.512139
1403636587.063556,-149.737912,81.683583,-174.120214,0.529137,0.368721,0.764238,-0.835947,0.381090,0.394922,-0.145627,-0.847830,0.509880
1403636587.113555,-149.380500,86.743145,-175.221698,0.663595,0.096926,0.741787,-0.744979,0.175985,0.643456,-0.068175,-0.979609,0.188990
1403636587.163556,-148.305186,91.656219,-175.018769,0.665116,0.091806,0.741075,-0.743423,0.174838,0.645564,-0.070301,-0.980308,0.184538
1403636587.213556,-147.205392,97.472901,-174.360854,0.666100,0.085605,0.740933,-0.742557,0.169529,0.647973,-0.070140,-0.981800,0.176490
1403636587.263556,-146.951370,102.686253,-174.722001,0.733583,0.014411,0.679447,-0.670464,0.178727,0.720093,-0.111058,-0.983793,0.140773
1403636587.313555,-146.392846,107.736864,-175.069037,0.801196,-0.054068,0.595954,-0.574850,0.207108,0.791614,-0.166228,-0.976823,0.134854
1403636587.363556,-144.652499,113.180407,-174.141141,0.799219,-0.059876,0.598050,-0.578134,0.195497,0.792176,-0.164349,-0.978875,0.121629
1403636587.413556,-142.286905,117.584786,-173.380660,0.678967,-0.108781,0.726065,-0.695017,0.223406,0.683404,-0.236549,-0.968636,0.076080
1403636587.463556,-139.807582,121.924400,-173.577890,0.675353,-0.109135,0.729375,-0.699394,0.218994,0.680360,-0.233979,-0.969604,0.071570
1403636587.513556,-138.495228,126.969502,-173.862146,0.689040,-0.140887,0.710897,-0.676720,0.225985,0.700700,-0.259372,-0.963889,0.060372
1403636587.563556,-135.837592,131.055456,-173.730191,0.678157,-0.106554,0.727152,-0.691451,0.242718,0.680429,-0.248995,-0.964227,0.090925
1403636587.613555,-134.367227,135.978255,-174.268215,0.948699,-0.167853,-0.267947,-0.273173,-0.861852,-0.427302,-0.159207,0.478577,-0.863491
1403636587.663556,-132.417253,134.259374,-169.790146,0.950083,-0.172198,-0.260175,-0.272357,-0.864538,-0.422370,-0.152200,0.472146,-0.868282
1403636587.713556,-130.578128,132.588849,-165.465174,0.953004,-0.167363,-0.252531,-0.265200,-0.863838,-0.428313,-0.146463,0.475156,-0.867627
1403636587.763556,-128.118134,129.375404,-160.665450,0.954916,-0.195140,-0.223732,-0.280116,-0.841877,-0.461279,-0.098341,0.503153,-0.858584
1403636587.813555,-126.501535,127.371850,-156.049168,0.954900,-0.199590,-0.219841,-0.281611,-0.843482,-0.457420,-0.094136,0.498700,-0.861648
1403636587.863556,-125.871628,124.452963,-152.036829,0.891286,-0.252392,-0.376707,-0.422907,-0.762402,-0.489788,-0.163583,0.595853,-0.786257
1403636587.913556,-124.784225,121.007114,-147.859837,0.870189,-0.283622,-0.402901,-0.469718,-0.724442,-0.504528,-0.148783,0.628285,-0.763624
1403636587.963556,-122.465735,118.040573,-144.725343,0.891381,-0.294311,-0.344705,-0.429264,-0.792306,-0.433570,-0.145508,0.534446,-0.832584
1403636588.013556,-120.392632,115.636960,-140.603935,0.885102,-0.282466,-0.369875,-0.433291,-0.790213,-0.433386,-0.169863,0.543854,-0.821809
1403636588.063556,-119.242649,111.482186,-136.806410,0.772593,-0.014877,-0.634727,-0.480852,-0.666523,-0.569674,-0.414586,0.745336,-0.522104
1403636588.113555,-115.939159,108.113486,-134.440588,0.763231,-0.016189,-0.645923,-0.487205,-0.671042,-0.558869,-0.424393,0.741243,-0.520047
1403636588.163556,-112.215045,103.823083,-133.138600,0.843258,0.047171,-0.535436,-0.378467,-0.655244,-0.653772,-0.381680,0.753943,-0.534687
1403636588.213556,-109.113116,100.492511,-130.637921,0.842360,0.048876,-0.536695,-0.380345,-0.651614,-0.656305,-0.381795,0.756974,-0.530304
1403636588.263556,-105.430744,96.513780,-129.042798,0.902392,0.061671,-0.426479,-0.283691,-0.659943,-0.695697,-0.324357,0.748780,-0.578032
1403636588.313555,-101.894465,92.772866,-126.705377,0.912361,0.054470,-0.405746,-0.272183,-0.659620,-0.700584,-0.305799,0.749623,-0.586986
1403636588.363556,-98.496566,89.066661,-124.524904,0.931155,0.042978,-0.362082,-0.244134,-0.664102,-0.706659,-0.270830,0.746406,-0.607889
1403636588.413556,-96.037002,84.873995,-121.849782,0.931297,0.038315,-0.362241,-0.247917,-0.661920,-0.707389,-0.266878,0.748595,-0.606945
1403636588.463556,-93.572010,80.658485,-119.176176,0.931138,0.035950,-0.362891,-0.250327,-0.660619,-0.707756,-0.265177,0.749860,-0.606128
1403636588.513556,-90.361625,76.281188,-115.845289,0.929670,0.042008,-0.365991,-0.247373,-0.664994,-0.704691,-0.272984,0.745666,-0.607834
1403636588.563556,-88.816303,71.781834,-113.161970,0.897199,0.025833,-0.440870,-0.325688,-0.635513,-0.700036,-0.298263,0.771658,-0.561768
1403636588.613555,-86.585843,68.272120,-111.033162,0.894362,0.011617,-0.447192,-0.330810,-0.655755,-0.678639,-0.301132,0.754884,-0.582640
1403636588.663556,-83.350081,64.332535,-109.254488,0.933975,0.041171,-0.354960,-0.229161,-0.693172,-0.683372,-0.274184,0.719595,-0.637971
1403636588.713556,-80.889043,59.652985,-107.249022,0.933570,0.047006,-0.355299,-0.226677,-0.690446,-0.686951,-0.277606,0.721855,-0.633924
1403636588.763556,-78.288797,54.711166,-105.034563,0.932538,0.049774,-0.357626,-0.228237,-0.686226,-0.690653,-0.279789,0.725683,-0.628571
1403636588.813555,-76.213104,51.363963,-102.220958,0.925635,0.015119,-0.378116,-0.253970,-0.715921,-0.650351,-0.280534,0.698018,-0.658841
1403636588.863556,-72.938066,47.485350,-99.880977,0.984284,0.164745,-0.063597,0.066821,-0.680808,-0.729408,-0.163464,0.713694,-0.681117
1403636588.913556,-70.728478,42.638453,-96.878671,0.982389,0.175136,-0.065109,0.069619,-0.666464,-0.742280,-0.173393,0.724675,-0.666920
1403636588.963556,-68.754097,37.617935,-93.565422,0.969457,0.214693,-0.118578,0.039474,-0.613752,-0.788511,-0.242065,0.759747,-0.603481
1403636589.013556,-66.067796,33.587556,-91.477650,0.970063,0.228852,-0.081267,0.074138,-0.597726,-0.798265,-0.231260,0.768342,-0.596799
1403636589.063556,-64.399326,29.858118,-88.695744,0.968484,0.222308,-0.112332,0.055508,-0.632286,-0.772744,-0.242813,0.742154,-0.624699
1403636589.113555,-61.648313,25.480530,-84.526658,0.967648,0.221582,-0.120659,0.054823,-0.651461,-0.756699,-0.246275,0.725603,-0.642533
1403636589.163556,-58.728034,20.556723,-81.284238,0.969958,0.214703,-0.114390,0.056890,-0.657360,-0.751426,-0.236529,0.722344,-0.649826
1403636589.213556,-55.724632,16.441774,-78.780570,0.973957,0.210854,-0.083358,0.073962,-0.642998,-0.762288,-0.214330,0.736271,-0.641847
1403636589.263556,-52.398584,12.806354,-75.760509,0.961622,0.261318,-0.083647,0.116144,-0.663876,-0.738769,-0.248585,0.700701,-0.668748
1403636589.313555,-49.117568,9.058967,-72.977179,0.938137,0.326846,0.114323,0.278181,-0.514815,-0.810914,-0.206189,0.792551,-0.573889
1403636589.363556,-46.515665,5.705860,-69.195045,0.925623,0.361854,0.110832,0.327519,-0.619207,-0.713662,-0.189613,0.696882,-0.691666
1403636589.413556,-44.059468,2.570366,-64.344999,0.053888,-0.720557,0.691298,0.954682,-0.165761,-0.247197,0.292710,0.673290,0.678970
1403636589.463556,-44.639110,-2.549112,-67.704034,0.046959,-0.719065,0.693354,0.954913,-0.171389,-0.242418,0.293148,0.673477,0.678597
1403636589.513556,-45.174306,-7.400576,-70.851937,0.043143,-0.721215,0.691366,0.957102,-0.168623,-0.235630,0.286520,0.671874,0.683002
1403636589.563556,-45.809504,-12.607400,-74.342568,0.038232,-0.717631,0.695374,0.958786,-0.169721,-0.227868,0.281544,0.675427,0.681566
1403636589.613555,-46.986077,-17.613520,-76.682642,0.042342,-0.690258,0.722323,0.978818,-0.116288,-0.168503,0.200308,0.714157,0.670713
1403636589.663556,-47.062084,-22.697686,-79.762359,0.035053,-0.683411,0.729191,0.979166,-0.122540,-0.161917,0.200011,0.719676,0.664878
1403636589.713556,-47.703460,-28.223592,-82.145274,-0.193185,-0.850078,0.489947,0.980862,-0.179689,0.074984,0.024296,0.495056,0.868522
1403636589.763556,-47.872033,-31.658387,-86.045521,-0.191205,-0.838798,0.509763,0.981521,-0.167401,0.092702,0.007577,0.518068,0.855306
1403636589.813555,-47.211603,-35.952054,-90.382160,-0.193559,-0.831354,0.520947,0.981078,-0.166455,0.098885,0.004506,0.530229,0.847842
1403636589.863556,-46.576713,-40.426479,-94.848212,-0.196997,-0.818455,0.539744,0.980374,-0.168748,0.101933,0.007653,0.549231,0.835635
1403636589.913556,-47.675990,-44.013172,-99.549143,-0.159617,-0.788324,0.594195,0.987060,-0.118096,0.108472,-0.015339,0.603820,0.796973
1403636589.963556,-48.268963,-49.177055,-103.321349,-0.282652,-0.754062,0.592872,0.927242,-0.056522,0.370173,-0.245623,0.654366,0.715174
1403636590.013556,-48.041500,-53.539389,-107.599425,-0.284237,-0.740980,0.608406,0.924624,-0.044046,0.378325,-0.253534,0.670081,0.697648
1403636590.063556,-46.309219,-59.185411,-111.936231,-0.289081,-0.734097,0.614438,0.919848,-0.035222,0.390690,-0.265162,0.678130,0.685440
1403636590.113555,-44.649580,-63.891773,-116.692673,-0.262893,-0.734319,0.625830,0.922234,-0.000659,0.386631,-0.283498,0.678804,0.677387
1403636590.163556,-43.284341,-68.514351,-121.512131,-0.165819,-0.724001,0.669572,0.960538,0.035177,0.275914,-0.223316,0.688901,0.689598
1403636590.213556,-41.579524,-73.270481,-125.273054,-0.163231,-0.734830,0.658316,0.958981,0.038568,0.280833,-0.231755,0.677154,0.698393
1403636590.263556,-40.696084,-78.464798,-129.345837,-0.163951,-0.736022,0.656804,0.958513,0.038525,0.282434,-0.233181,0.675860,0.699171
1403636590.313555,-40.643936,-84.113790,-133.787661,-0.170580,-0.729491,0.662378,0.958779,0.032158,0.282327,-0.227256,0.683234,0.693936
1403636590.363556,-40.374614,-89.741098,-138.639518,-0.165651,-0.715444,0.678748,0.962590,0.032351,0.269024,-0.214430,0.697921,0.683320
1403636590.413556,-38.667898,-95.546609,-142.639154,-0.163158,-0.723710,0.670540,0.963707,0.028654,0.265419,-0.211300,0.689510,0.692769
1403636590.463556,-38.615168,-101.190863,-147.390528,-0.161220,-0.724660,0.669982,0.965595,0.024533,0.258889,-0.204043,0.688669,0.695774
1403636590.513556,-38.610674,-106.791146,-152.154342,-0.162600,-0.728608,0.665351,0.966428,0.018356,0.256279,-0.198941,0.684685,0.701163
1403636590.563556,-37.390736,-112.572860,-157.306985,-0.160562,-0.743837,0.648788,0.971190,-0.001790,0.238298,-0.176094,0.668358,0.722695
1403636590.613555,-37.396275,-118.257677,-161.280464,-0.459366,-0.885685,-0.067413,0.406342,-0.277025,0.870714,-0.789854,0.372583,0.487147
1403636590.663556,-31.869433,-122.362179,-165.021922,-0.468435,-0.877717,-0.100908,0.403976,-0.314364,0.859057,-0.785731,0.361647,0.501835
1403636590.713556,-27.443742,-125.284349,-169.707383,-0.468984,-0.877329,-0.101722,0.407279,-0.317023,0.856516,-0.783695,0.360263,0.505996
1403636590.763556,-22.902491,-128.565414,-174.539645,-0.531102,-0.847181,0.014667,0.361710,-0.211037,0.908091,-0.766222,0.487594,0.418516
1403636590.813555,-18.846209,-133.193770,-178.128270,-0.074867,-0.702073,-0.708159,-0.393685,-0.631657,0.667849,-0.916192,0.328791,-0.229105
1403636590.863556,-11.618603,-136.651780,-177.048427,-0.074094,-0.684125,-0.725591,-0.378222,-0.653954,0.655204,-0.922745,0.322981,-0.210297
1403636590.913556,-5.051199,-138.500142,-176.960987,-0.081078,-0.678552,-0.730064,-0.370498,-0.659471,0.654086,-0.925288,0.323519,-0.197934
1403636590.963556,1.282461,-141.712024,-177.062570,-0.117911,-0.638344,-0.760667,-0.420692,-0.661762,0.620556,-0.899508,0.393176,-0.190517
1403636591.013556,7.604503,-143.994657,-177.035992,-0.112803,-0.625447,-0.772070,-0.416021,-0.675912,0.608333,-0.902331,0.389819,-0.183954
1403636591.063556,14.112897,-147.676668,-177.339916,-0.128274,-0.590625,-0.796686,-0.468493,-0.671950,0.573584,-0.874105,0.446817,-0.190510
1403636591.113555,20.697646,-150.247112,-177.307456,-0.123396,-0.585009,-0.801584,-0.468486,-0.677735,0.566741,-0.874811,0.445465,-0.190439
1403636591.163556,27.241708,-152.841410,-177.406820,-0.124393,-0.594013,-0.794780,-0.473117,-0.668572,0.573735,-0.872173,0.447393,-0.197872
1403636591.213556,32.884159,-156.663373,-176.601726,-0.096973,-0.497399,-0.862085,-0.457011,-0.747203,0.482523,-0.884159,0.440774,-0.154858
1403636591.263556,39.200116,-160.277249,-177.354360,0.147377,-0.493139,-0.857376,-0.489950,-0.789414,0.369831,-0.859203,0.365567,-0.357955
1403636591.313555,46.693775,-162.860564,-176.288915,0.444813,-0.741285,-0.502631,-0.885113,-0.278114,-0.373132,0.136808,0.610860,-0.779830
1403636591.363556,47.372015,-167.630188,-170.292549,0.433134,-0.749694,-0.500354,-0.891368,-0.273981,-0.361104,0.133630,0.602406,-0.786924
1403636591.413556,47.881346,-172.298702,-164.054565,0.389986,-0.794697,-0.465152,-0.913680,-0.271175,-0.302742,0.114450,0.543066,-0.831854
1403636591.463556,48.628879,-177.147609,-158.606031,0.416570,-0.840817,-0.345683,-0.864522,-0.248771,-0.436710,0.281197,0.480770,-0.830535
1403636591.513556,47.542159,-181.857620,-153.333058,0.449331,-0.816893,-0.361646,-0.777233,-0.157868,-0.609087,0.440466,0.554765,-0.705851
1403636591.563556,44.181455,-187.137746,-148.468325,0.453729,-0.809233,-0.373191,-0.777860,-0.155314,-0.608943,0.434815,0.566585,-0.699941
1403636591.613555,41.009444,-192.654380,-143.913974,0.471232,-0.788278,-0.395673,-0.771045,-0.150335,-0.618781,0.428288,0.596671,-0.678641
1403636591.663556,39.305390,-197.815401,-138.554431,0.458168,-0.813138,-0.359009,-0.766351,-0.156741,-0.623008,0.450320,0.560569,-0.694963
1403636591.713556,37.388825,-202.472653,-133.325528,0.449013,-0.831368,-0.327437,-0.759496,-0.162068,-0.630000,0.470695,0.531565,-0.704191
1403636591.763556,35.426121,-207.106089,-128.428036,0.442307,-0.844979,-0.300624,-0.748791,-0.163425,-0.642343,0.493637,0.509217,-0.704997
1403636591.813555,32.407455,-212.181244,-123.659777,0.429458,-0.856479,-0.286374,-0.754762,-0.166277,-0.634575,0.495883,0.488668,-0.717847
1403636591.863556,29.675198,-217.900354,-119.607376,0.432393,-0.858725,-0.275005,-0.731307,-0.155568,-0.664070,0.527472,0.488252,-0.695258
1403636591.913556,26.436335,-223.109680,-115.091814,0.422572,-0.865174,-0.270014,-0.737550,-0.155119,-0.657235,0.526738,0.476878,-0.703658
1403636591.963556,23.641349,-227.736693,-111.239551,0.415702,-0.863148,-0.286649,-0.744038,-0.141483,-0.652985,0.523067,0.484725,-0.701030
1403636592.013556,20.429039,-233.730233,-107.521273,0.426012,-0.850356,-0.308883,-0.741182,-0.132252,-0.658148,0.518810,0.509318,-0.686609
1403636592.063556,17.649169,-238.313777,-103.093031,0.425926,-0.841990,-0.331118,-0.753984,-0.128035,-0.644294,0.500095,0.524080,-0.689381
1403636592.113555,14.149988,-244.448628,-99.573969,0.429208,-0.828830,-0.358917,-0.759359,-0.115977,-0.640252,0.489034,0.547348,-0.679158
1403636592.163556,10.753720,-249.321104,-94.841924,0.217051,-0.855260,-0.470553,-0.926358,-0.028463,-0.375568,0.307815,0.517418,-0.798454
1403636592.213556,7.519921,-254.401003,-90.340101,0.203890,-0.804067,-0.558485,-0.933459,0.012287,-0.358474,0.295099,0.594412,-0.748058
1403636592.263556,4.491743,-260.121929,-86.640350,0.216678,-0.779147,-0.588201,-0.933923,0.010042,-0.357334,0.284323,0.626761,-0.725487
1403636592.313555,2.736623,-266.052840,-83.190013,-0.058393,-0.946490,0.317408,-0.997925,0.063979,0.007196,-0.027118,-0.316329,-0.948262
1403636592.363556,2.129853,-264.256909,-75.963212,-0.089788,-0.948160,0.304845,-0.994721,0.100639,0.020036,-0.049677,-0.301437,-0.952191
1403636592.413556,1.317895,-263.337013,-69.124079,-0.062931,-0.955188,0.289234,-0.997650,0.068075,0.007749,-0.027091,-0.288067,-0.957227
1403636592.463556,0.742166,-262.226126,-62.349268,-0.061691,-0.952562,0.298028,-0.997990,0.063210,-0.004551,-0.014503,-0.297710,-0.954546
1403636592.513556,-0.486979,-261.360697,-55.112184,-0.065494,-0.963950,0.257896,-0.997674,0.058362,-0.035221,0.018900,-0.259603,-0.965530
1403636592.563556,-1.772709,-261.380865,-47.572885,-0.035450,-0.977415,0.208335,-0.991435,0.008177,-0.130342,0.125695,-0.211171,-0.969334
1403636592.613555,-3.007098,-260.453102,-40.462288,-0.151838,-0.862020,0.483597,-0.428485,0.498311,0.753715,-0.890699,-0.092772,-0.445026
1403636592.663556,2.530120,-260.970643,-36.220171,-0.149362,-0.862018,0.484371,-0.456917,0.494599,0.739323,-0.876880,-0.110890,-0.467745
1403636592.713556,8.218834,-262.210691,-31.883823,-0.136049,-0.849417,0.509883,-0.515767,0.500149,0.695582,-0.845857,-0.168348,-0.506146
1403636592.763556,13.983131,-262.457661,-26.538849,0.095085,-0.978158,-0.184842,-0.456588,-0.207854,0.865057,-0.884582,0.002142,-0.466379
1403636592.813555,20.299815,-263.959380,-23.034799,0.086500,-0.982095,-0.167352,-0.480870,-0.188276,0.856339,-0.872515,0.006401,-0.488546
1403636592.863556,26.905664,-265.604854,-19.259803,0.079571,-0.984472,-0.156473,-0.503475,-0.175169,0.846067,-0.860338,0.011458,-0.509595
1403636592.913556,33.491875,-267.154345,-15.519586,0.079833,-0.982500,-0.168284,-0.516711,-0.185159,0.835898,-0.852430,0.020222,-0.522451
1403636592.963556,40.501271,-269.543011,-13.176001,0.132887,-0.986822,-0.092325,-0.640002,-0.156563,0.752254,-0.756795,-0.040877,-0.652373
1403636593.013556,47.648297,-270.651753,-8.377976,0.127245,-0.989103,-0.074054,-0.653381,-0.139760,0.744017,-0.746259,-0.046287,-0.664045
1403636593.063556,54.545682,-270.687296,-4.134944,0.177132,-0.979368,-0.097272,-0.507556,-0.175580,0.843540,-0.843215,-0.100047,-0.528185
1403636593.113555,61.866148,-271.994553,-2.039812,0.200418,-0.978216,-0.054095,-0.615138,-0.168621,0.770177,-0.762521,-0.121081,-0.635532
1403636593.163556,68.341622,-272.296504,1.795817,0.210931,-0.974275,-0.079350,-0.628968,-0.197415,0.751948,-0.748269,-0.108700,-0.654429
1403636593.213556,75.468124,-273.371723,4.604448,0.222462,-0.974631,-0.024587,-0.794896,-0.195923,0.574242,-0.564491,-0.108203,-0.818316
1403636593.263556,82.529526,-274.177971,8.961867,-0.118565,-0.667819,0.734820,-0.822883,0.480249,0.303686,-0.555703,-0.568664,-0.606477
1403636593.313555,88.112546,-271.630761,14.506727,-0.118519,-0.660888,0.741067,-0.828831,0.476835,0.292689,-0.546802,-0.579530,-0.604279
1403636593.363556,93.637081,-268.742200,19.495553,0.190662,-0.862898,0.468034,-0.718490,0.202209,0.665495,-0.668895,-0.463162,-0.581429
1403636593.413556,100.367340,-267.718575,23.106123,0.175380,-0.871241,0.458455,-0.740220,0.190328,0.644864,-0.649088,-0.452454,-0.611530
1403636593.463556,107.580874,-265.055459,26.129773,0.307639,-0.836673,0.453141,-0.625959,0.180711,0.758629,-0.716612,-0.517032,-0.468129
1403636593.513556,115.047546,-263.744133,27.966985,-0.058072,0.017131,0.998165,-0.237591,0.970887,-0.030486,-0.969628,-0.238925,-0.052311
1403636593.563556,122.123204,-265.181442,29.425098,-0.070295,0.030591,0.997057,-0.267610,0.962311,-0.048393,-0.960960,-0.270224,-0.059459
1403636593.613555,130.587607,-265.944496,30.302951,0.075717,0.082769,0.993688,-0.281239,0.957862,-0.058355,-0.956646,-0.275046,0.095805
1403636593.663556,139.183185,-267.103232,30.274225,0.266718,0.280391,0.922086,-0.259474,0.942309,-0.211486,-0.928189,-0.182850,0.324085
1403636593.713556,147.532464,-268.711815,29.717649,0.259831,0.284598,0.922763,-0.262317,0.940453,-0.216191,-0.929343,-0.185884,0.319014
1403636593.763556,156.568500,-269.070143,28.678450,0.250820,0.284735,0.925211,-0.269087,0.938603,-0.215908,-0.929882,-0.194809,0.312039
1403636593.813555,165.195982,-270.407774,27.462021,0.251121,0.300485,0.920134,-0.256422,0.937285,-0.236103,-0.933373,-0.176652,0.312423
1403636593.863556,172.818169,-271.134683,25.252807,0.711256,0.358035,0.604918,-0.413736,0.908939,-0.051511,-0.568276,-0.213639,0.794620
1403636593.913556,177.705416,-270.998118,18.910864,0.944311,0.275312,0.180222,-0.312491,0.921892,0.229050,-0.103085,-0.272612,0.956586
1403636593.963556,180.277874,-269.908322,11.576351,0.884890,0.233692,0.402937,-0.344467,0.910601,0.228360,-0.313549,-0.340871,0.886281
1403636594.013556,184.636500,-267.642989,3.639680,0.877037,0.238150,0.417242,-0.362306,0.898215,0.248886,-0.315501,-0.369451,0.874051
1403636594.063556,189.330019,-265.664947,-3.604908,0.863412,0.265533,0.428967,-0.394425,0.885448,0.245789,-0.314563,-0.381412,0.869238
1403636594.113555,192.919449,-261.961719,-10.627188,0.845353,0.288258,0.449762,-0.431192,0.865201,0.255932,-0.315360,-0.410287,0.855694
1403636594.163556,197.201802,-258.322474,-18.377443,0.832056,0.310065,0.459938,-0.459589,0.849635,0.258647,-0.310582,-0.426591,0.849446
1403636594.213556,199.783891,-254.709296,-25.360926,-0.162619,0.642648,0.748705,0.311046,0.753504,-0.579208,-0.936379,0.138691,-0.322427
1403636594.263556,206.832198,-255.668442,-21.333795,0.192677,0.980680,0.033803,0.322809,-0.030817,-0.945962,-0.926644,0.193177,-0.322511
1403636594.313555,214.484458,-256.504932,-17.737544,0.478738,0.566412,-0.670811,-0.438232,-0.507904,-0.741611,-0.760765,0.649008,0.005067
