#timestamp [s],p_x [m],p_y [m],p_z [m],R11,R21,R31,R12,R22,R32,R13,R23,R33
1403636579.763556,0.000000,0.000000,0.000000,0.362577,0.014814,-0.931836,0.014814,0.999656,0.021657,0.931836,-0.021657,0.362233
1403636579.813555,-0.013106,-0.000093,-0.017971,0.359229,0.014189,-0.933142,0.011295,0.999745,0.019550,0.933181,-0.017563,0.358977
1403636579.863556,-0.822911,-0.112196,-0.688984,0.355861,0.011637,-0.934467,0.017000,0.999676,0.018923,0.934384,-0.022620,0.355548
1403636579.913556,-0.745012,-0.735004,-1.538318,0.380540,-0.005138,-0.924750,-0.009258,0.999913,-0.009365,0.924718,0.012125,0.380460
1403636579.963556,-0.949906,-0.006813,-2.319055,0.402474,0.044883,-0.914330,-0.000170,0.998801,0.048954,0.915431,-0.019548,0.401999
1403636580.013556,-1.216408,0.830616,-2.990809,0.411394,0.083556,-0.907620,-0.009311,0.996123,0.087483,0.911410,-0.027539,0.410577
1403636580.063556,-1.423104,0.448091,-4.088801,0.428011,0.058009,-0.901910,0.042830,0.995515,0.084355,0.902758,-0.074734,0.423607
1403636580.113555,-0.817546,0.594703,-4.958897,0.466128,0.067462,-0.882142,0.061084,0.992255,0.108160,0.882606,-0.104301,0.458397
1403636580.163556,-1.745626,0.075369,-4.893051,0.450026,0.061145,-0.890920,0.072208,0.991895,0.104549,0.890091,-0.111382,0.441964
1403636580.213556,-2.786608,-0.243526,-5.565218,0.420734,0.058553,-0.905293,0.095608,0.989496,0.108432,0.902132,-0.132174,0.410716
1403636580.263556,-2.271615,-0.173323,-6.572325,0.413503,0.055822,-0.908790,0.101612,0.989055,0.106986,0.904815,-0.136583,0.403305
1403636580.313555,-1.875628,-0.137469,-7.701332,0.423663,0.049281,-0.904478,0.101074,0.989711,0.101269,0.900163,-0.134323,0.414323
1403636580.363556,-2.834464,-0.419970,-8.740483,0.421814,0.044093,-0.905609,0.111837,0.988659,0.100228,0.899758,-0.143558,0.412099
1403636580.413556,-3.243280,-1.342713,-8.943457,0.405790,-0.118326,-0.906275,0.187574,0.981259,-0.044129,0.894511,-0.152087,0.420380
1403636580.463556,-3.098356,-0.507653,-9.100272,0.466095,0.194294,-0.863137,0.091286,0.959820,0.265352,0.880013,-0.202471,0.429631
1403636580.513556,-3.667285,0.525587,-9.956739,0.468711,0.251153,-0.846896,0.077694,0.943293,0.322740,0.879928,-0.217071,0.422619
1403636580.563556,-3.246192,0.170728,-10.850971,0.503528,0.205995,-0.839062,0.049790,0.962628,0.266211,0.862543,-0.175821,0.474454
1403636580.613555,-3.196528,0.081922,-12.337764,0.524882,0.201244,-0.827043,0.047322,0.963246,0.264420,0.849859,-0.177927,0.496067
1403636580.663556,-4.515507,0.128658,-12.684613,0.537524,0.201976,-0.818702,0.041053,0.963472,0.264645,0.842249,-0.175863,0.509598
1403636580.713556,-4.532657,1.102800,-12.994031,0.526394,0.265239,-0.807810,-0.049786,0.958081,0.282137,0.848782,-0.108298,0.517534
1403636580.763556,-5.108586,2.140053,-13.400397,0.505714,0.533266,-0.678145,-0.194367,0.836290,0.512680,0.840521,-0.127461,0.526573
1403636580.813555,-5.175784,3.016837,-14.889070,0.500224,0.547716,-0.670658,-0.251660,0.833053,0.492636,0.828519,-0.077651,0.554552
1403636580.863556,-4.600785,3.480071,-15.744421,0.671114,0.493807,-0.552957,-0.426845,0.867216,0.256396,0.606143,0.063956,0.792780
1403636580.913556,-5.621879,3.160478,-16.669407,0.692816,0.490909,-0.528219,-0.438880,0.868266,0.231298,0.572180,0.071577,0.816998
1403636580.963556,-6.609686,2.849555,-17.671178,0.708304,0.486366,-0.511619,-0.442344,0.870630,0.215259,0.550125,0.073842,0.831811
1403636581.013556,-7.519014,2.458182,-18.646569,0.712062,0.483666,-0.508954,-0.445282,0.871546,0.205260,0.542854,0.080470,0.835963
1403636581.063556,-7.914386,1.668559,-19.583746,0.706115,0.475532,-0.524663,-0.458377,0.871721,0.173185,0.539715,0.118205,0.833508
1403636581.113555,-7.010104,1.998379,-20.599273,0.729400,0.467836,-0.499104,-0.458066,0.875896,0.151596,0.508085,0.118048,0.853179
1403636581.163556,-7.855644,1.547032,-21.884425,0.726178,0.478513,-0.493650,-0.473751,0.868625,0.145084,0.498222,0.128510,0.857473
1403636581.213556,-8.629886,1.099567,-22.819218,0.720989,0.481947,-0.497898,-0.479471,0.865716,0.143675,0.500282,0.135139,0.855252
1403636581.263556,-9.299102,0.528830,-23.786002,0.698036,0.480455,-0.530951,-0.478796,0.864521,0.152832,0.532447,0.147535,0.833506
1403636581.313555,-9.106289,0.787509,-24.169865,0.682988,0.314700,-0.659159,0.406886,0.585529,0.701142,0.606606,-0.747074,0.271863
1403636581.363556,-9.258071,2.522355,-24.384108,0.676894,0.352233,-0.646333,0.398904,0.562417,0.724267,0.618619,-0.748077,0.240190
1403636581.413556,-9.087697,2.682136,-25.165856,0.677356,0.353421,-0.645199,0.400532,0.558478,0.726413,0.617059,-0.750463,0.236732
1403636581.463556,-10.161172,3.592057,-25.497237,0.643505,0.338910,-0.686325,0.453803,0.553147,0.698635,0.616413,-0.761031,0.202155
1403636581.513556,-11.265821,4.535186,-25.798707,0.605853,0.320118,-0.728331,0.508521,0.548229,0.663966,0.611840,-0.772638,0.169360
1403636581.563556,-10.749622,5.683489,-27.143931,0.603950,0.312908,-0.733030,0.517301,0.545778,0.659186,0.606336,-0.777313,0.167755
1403636581.613555,-11.933595,6.687944,-27.450230,0.575966,0.303300,-0.759126,0.545069,0.549581,0.633135,0.609231,-0.778441,0.151221
1403636581.663556,-11.739433,7.768939,-29.128844,0.565781,0.300507,-0.767846,0.555267,0.549567,0.624223,0.609566,-0.779533,0.144073
1403636581.713556,-12.807850,8.940983,-29.250962,0.503947,0.287564,-0.814460,0.634981,0.515880,0.575037,0.585523,-0.806954,0.077378
1403636581.763556,-13.691647,9.979869,-29.225299,0.303618,0.289834,-0.907641,0.771680,0.483951,0.412676,0.558861,-0.825705,-0.076723
1403636581.813555,-13.880159,11.300253,-30.793074,0.291732,0.281072,-0.914271,0.782529,0.479529,0.397115,0.550037,-0.831295,-0.080053
1403636581.863556,-15.514210,12.125845,-31.819251,0.283583,0.228680,-0.931282,0.799730,0.479498,0.361267,0.529162,-0.847223,-0.046905
1403636581.913556,-15.726958,13.337850,-33.475929,0.272331,0.220055,-0.936703,0.806610,0.478557,0.346934,0.524610,-0.850035,-0.047173
1403636581.963556,-16.009281,14.793934,-35.157948,0.277443,0.217428,-0.935815,0.811980,0.467580,0.349367,0.513530,-0.856793,-0.046820
1403636582.013556,-15.881145,16.053943,-36.317258,0.332996,0.274463,-0.902100,0.793775,0.434793,0.425295,0.508954,-0.857686,-0.073077
1403636582.063556,-17.664069,17.392100,-37.212518,0.314072,0.240187,-0.918515,0.812383,0.432679,0.390925,0.491317,-0.868964,-0.059232
1403636582.113555,-18.473468,18.838792,-38.056397,0.321643,0.225062,-0.919724,0.813534,0.431305,0.390050,0.484467,-0.873684,-0.044369
1403636582.163556,-18.543966,20.838647,-38.531903,0.298752,0.309128,-0.902877,0.801403,0.432429,0.413230,0.518171,-0.847021,-0.118547
1403636582.213556,-19.468582,22.364659,-39.284860,0.304330,0.299097,-0.904392,0.803974,0.428556,0.412269,0.510891,-0.852573,-0.110044
1403636582.263556,-21.072060,23.725598,-39.346799,0.291656,0.286775,-0.912522,0.807784,0.437075,0.395538,0.512271,-0.852482,-0.104177
1403636582.313555,-21.204457,25.722057,-39.837301,0.291198,0.322569,-0.900640,0.798146,0.437105,0.414610,0.527415,-0.839576,-0.130173
1403636582.363556,-21.280827,27.633833,-40.514197,0.304254,0.349458,-0.886176,0.786886,0.432106,0.440562,0.536880,-0.831363,-0.143513
1403636582.413556,-21.386268,29.477834,-41.623028,0.322138,0.370583,-0.871146,0.767430,0.436590,0.469510,0.554327,-0.819791,-0.143754
1403636582.463556,-21.497173,31.162309,-42.102097,0.331592,0.420484,-0.844536,0.743784,0.434180,0.508206,0.580372,-0.796669,-0.168779
1403636582.513556,-23.173316,32.568504,-42.202508,0.329970,0.430509,-0.840108,0.736242,0.439632,0.514462,0.590820,-0.788280,-0.171894
1403636582.563556,-23.509579,34.373704,-43.747055,0.385546,0.451564,-0.804639,0.692302,0.434934,0.575805,0.609977,-0.779052,-0.144932
1403636582.613555,-23.777886,36.221670,-45.347100,0.424577,0.464654,-0.777066,0.657052,0.432358,0.617535,0.622911,-0.772764,-0.121732
1403636582.663556,-23.960181,38.201487,-46.919173,0.473208,0.486818,-0.734222,0.596073,0.436751,0.673754,0.648668,-0.756476,-0.083505
1403636582.713556,-24.243441,39.843298,-47.261389,0.265874,0.934135,-0.238123,0.534554,0.062697,0.842806,0.802224,-0.351370,-0.482676
1403636582.763556,-26.227701,40.849146,-46.738985,0.255685,0.936270,-0.240882,0.578173,0.051604,0.814280,0.774817,-0.347471,-0.528132
1403636582.813555,-26.806381,42.215899,-46.279100,-0.007955,0.789740,0.613390,0.698739,-0.434415,0.568373,0.715333,0.433121,-0.548366
1403636582.863556,-28.856279,41.799965,-45.246629,-0.026898,0.774917,0.631490,0.685448,-0.445523,0.575909,0.727625,0.448344,-0.519182
1403636582.913556,-31.477964,42.224199,-44.364493,0.015160,0.859084,0.511610,0.693430,-0.377664,0.613617,0.720365,0.345463,-0.601439
1403636582.963556,-33.525909,41.963057,-43.130613,-0.011399,0.850020,0.526627,0.676773,-0.381144,0.629847,0.736103,0.363587,-0.570926
1403636583.013556,-35.142809,42.288372,-42.701384,-0.041531,0.842121,0.537686,0.669186,-0.376172,0.640847,0.741933,0.386427,-0.547913
1403636583.063556,-37.210923,42.035186,-41.827628,0.101410,0.852888,0.512151,0.840193,-0.349093,0.414982,0.532721,0.388222,-0.751992
1403636583.113555,-37.753735,42.612651,-40.604076,0.098366,0.842276,0.529995,0.838625,-0.356881,0.411514,0.535753,0.403989,-0.741459
1403636583.163556,-38.749978,43.927852,-38.274734,0.100126,0.836145,0.539292,0.825462,-0.372421,0.424164,0.555506,0.402695,-0.727495
1403636583.213556,-39.686099,43.891615,-35.884845,0.102298,0.830887,0.546957,0.828913,-0.375178,0.414904,0.549944,0.410936,-0.727113
1403636583.263556,-41.940307,44.526212,-33.601738,0.102780,0.854459,0.509251,0.828512,-0.356853,0.431537,0.550458,0.377567,-0.744606
1403636583.313555,-42.932741,46.014993,-31.807405,0.108985,0.856675,0.504212,0.832437,-0.355883,0.424729,0.543296,0.373436,-0.751914
1403636583.363556,-44.146356,47.531330,-29.799507,-0.278325,0.847097,0.452727,0.539537,-0.252070,0.803343,0.794629,0.467854,-0.386883
1403636583.413556,-46.326061,47.841994,-29.096222,-0.273341,0.848600,0.452948,0.544701,-0.251561,0.800011,0.792834,0.465397,-0.393471
1403636583.463556,-48.523429,48.140259,-28.408467,-0.270249,0.852455,0.447533,0.548197,-0.245881,0.799388,0.791483,0.461371,-0.400864
1403636583.513556,-51.418593,48.388784,-28.467722,-0.228395,0.887736,0.399699,0.568347,-0.211755,0.795073,0.790454,0.408759,-0.456179
1403636583.563556,-53.622503,48.771227,-27.765016,-0.223788,0.891947,0.392874,0.568838,-0.207790,0.795768,0.791418,0.401565,-0.460873
1403636583.613555,-55.844400,49.144960,-27.075737,-0.216630,0.896606,0.386224,0.565719,-0.207133,0.798159,0.795634,0.391400,-0.462356
1403636583.663556,-58.952798,49.383296,-25.916384,-0.190157,0.904398,0.381976,0.589974,-0.205717,0.780776,0.784710,0.373826,-0.494453
1403636583.713556,-60.816588,50.386452,-24.526877,-0.213516,0.885112,0.413506,0.561050,-0.235412,0.793602,0.799771,0.401444,-0.446328
1403636583.763556,-63.157473,51.610634,-23.638660,-0.228111,0.891190,0.392104,0.555630,-0.211550,0.804066,0.799525,0.401281,-0.446915
1403636583.813555,-65.922961,52.081461,-23.966829,-0.138553,0.970319,0.198200,0.530518,-0.096275,0.842189,0.836274,0.221837,-0.501433
1403636583.863556,-68.065911,51.677249,-23.117925,-0.118527,0.969776,0.213277,0.571478,-0.109027,0.813342,0.812012,0.218286,-0.541283
1403636583.913556,-70.746619,51.187834,-22.527573,-0.098107,0.973225,0.207864,0.601701,-0.108360,0.791337,0.792673,0.202708,-0.574960
1403636583.963556,-72.757598,52.595897,-21.940978,-0.100870,0.975504,0.195493,0.573025,-0.103665,0.812955,0.813307,0.194025,-0.548531
1403636584.013556,-75.625082,53.361983,-20.593435,-0.093424,0.977805,0.187534,0.581206,-0.099372,0.807666,0.808376,0.184452,-0.559022
1403636584.063556,-78.040168,53.856776,-20.077852,-0.094462,0.977945,0.186281,0.588000,-0.096184,0.803122,0.803327,0.185397,-0.565946
1403636584.113555,-80.749955,53.393945,-19.491079,-0.099200,0.978922,0.178526,0.607446,-0.082528,0.790062,0.788143,0.186819,-0.586455
1403636584.163556,-83.206135,53.877630,-18.954489,-0.099186,0.978946,0.178403,0.611603,-0.081449,0.786961,0.784922,0.187168,-0.590648
1403636584.213556,-85.954069,53.410656,-18.275315,-0.095608,0.979214,0.178884,0.624714,-0.080885,0.776653,0.774979,0.186005,-0.603995
1403636584.263556,-88.446345,53.900095,-17.715590,-0.097450,0.978581,0.181334,0.625987,-0.081379,0.775576,0.773721,0.189093,-0.604648
1403636584.313555,-90.328854,54.013063,-16.483536,-0.178519,0.914757,0.362423,0.664204,-0.159716,0.730290,0.725923,0.371093,-0.579073
1403636584.363556,-92.600060,53.382592,-16.375875,-0.196782,0.912491,0.358660,0.660811,-0.146805,0.736055,0.724297,0.381849,-0.574095
1403636584.413556,-95.632813,53.770611,-16.541844,-0.133426,0.977974,0.160515,0.588854,-0.052043,0.806562,0.797150,0.202136,-0.568940
1403636584.463556,-98.355304,53.218576,-16.133362,-0.129492,0.976677,0.171271,0.590913,-0.062696,0.804296,0.796275,0.205356,-0.569012
1403636584.513556,-101.262497,52.726671,-15.787869,-0.074215,0.986595,0.145334,0.759181,-0.038603,0.649734,0.646635,0.158554,-0.746139
1403636584.563556,-103.279115,54.178945,-14.625533,-0.184421,0.962551,0.198706,0.504605,-0.080765,0.859564,0.843423,0.258789,-0.470814
1403636584.613555,-105.796333,54.034968,-15.285654,0.128517,0.813148,-0.567691,0.345457,0.499877,0.794218,0.929593,-0.298183,-0.216665
1403636584.663556,-107.534239,55.534653,-16.629569,0.226060,0.844618,-0.485302,0.142439,0.464183,0.874211,0.963643,-0.266750,-0.015373
1403636584.713556,-109.170582,56.881853,-18.906359,0.250631,0.844165,-0.473887,0.072396,0.471797,0.878730,0.965372,-0.254544,0.057132
1403636584.763556,-110.948973,58.131448,-19.764687,0.230205,0.869055,-0.437891,0.033983,0.442523,0.896113,0.972549,-0.221171,0.072338
1403636584.813555,-112.397654,59.641552,-22.130904,0.290758,0.860614,-0.418095,-0.033246,0.445797,0.894517,0.956219,-0.246188,0.158231
1403636584.863556,-113.286026,60.430672,-23.797491,0.274768,0.871017,-0.407225,-0.058583,0.437905,0.897110,0.959724,-0.222641,0.171350
1403636584.913556,-114.772741,60.974740,-26.715558,0.286200,0.839488,-0.461898,-0.076129,0.500461,0.862405,0.955141,-0.211657,0.207141
1403636584.963556,-115.775504,61.712780,-28.270425,0.281792,-0.711818,-0.643357,0.153537,0.695343,-0.702086,0.947111,0.099063,0.305233
1403636585.013556,-117.848563,59.669598,-28.807569,0.282532,-0.709549,-0.645535,0.150142,0.697369,-0.700810,0.947435,0.101080,0.303562
1403636585.063556,-119.942512,57.629195,-29.371973,0.285925,-0.706990,-0.646848,0.147156,0.699418,-0.699400,0.946885,0.104788,0.304019
1403636585.113555,-122.096378,55.043578,-29.128157,0.282929,-0.714240,-0.640166,0.142993,0.691388,-0.708192,0.948422,0.108828,0.297745
1403636585.163556,-124.020625,53.481514,-30.556373,0.293433,-0.679355,-0.672588,0.141359,0.726659,-0.672298,0.945471,0.102198,0.309258
1403636585.213556,-125.451217,50.904498,-31.660709,0.499951,-0.659806,-0.560986,0.257870,0.731780,-0.630873,0.826772,0.170744,0.535999
1403636585.263556,-126.684576,48.992953,-32.105976,0.466446,-0.680647,-0.564931,0.279523,0.719361,-0.635914,0.839223,0.138708,0.525800
1403636585.313555,-128.399632,47.722784,-33.943903,0.489839,-0.575090,-0.655232,0.244373,0.812017,-0.530010,0.836863,0.099499,0.538294
1403636585.363556,-130.275357,45.794383,-35.523502,0.492562,-0.581841,-0.647181,0.247569,0.806605,-0.536748,0.834321,0.104159,0.541349
1403636585.413556,-132.904102,44.303547,-36.624411,0.465973,-0.587567,-0.661539,0.226807,0.802010,-0.552574,0.855235,0.107443,0.506980
1403636585.463556,-134.897074,42.370554,-38.185746,0.472708,-0.589567,-0.654949,0.234975,0.800651,-0.551131,0.849314,0.106628,0.517007
1403636585.513556,-136.145135,40.205178,-40.387387,0.473416,-0.594937,-0.649559,0.245476,0.797328,-0.551370,0.845942,0.101577,0.523511
1403636585.563556,-138.238522,37.853717,-41.112473,0.407525,-0.802018,-0.436682,0.328695,0.574967,-0.749248,0.851988,0.161802,0.497933
1403636585.613555,-140.531508,35.755309,-42.182400,0.417747,-0.799782,-0.431086,0.340952,0.577791,-0.741558,0.842163,0.162804,0.514058
1403636585.663556,-142.844438,33.650000,-43.293053,0.430245,-0.795187,-0.427278,0.351054,0.583457,-0.732352,0.831655,0.165093,0.530183
1403636585.713556,-145.177860,31.537881,-44.444572,0.444027,-0.789503,-0.423703,0.360463,0.590319,-0.722212,0.820308,0.167952,0.546705
1403636585.763556,-147.530200,29.418745,-45.637563,0.458862,-0.783180,-0.419614,0.365532,0.596848,-0.714254,0.809835,0.174362,0.560148
1403636585.813555,-149.093571,26.771030,-47.142207,0.482751,-0.774346,-0.409072,0.369868,0.603679,-0.706236,0.793819,0.189634,0.577832
1403636585.863556,-152.245911,24.862970,-47.850496,0.480648,-0.776159,-0.408110,0.341768,0.594397,-0.727933,0.807571,0.210401,0.550963
1403636585.913556,-154.692035,22.672078,-49.010190,0.497618,-0.768379,-0.402455,0.344066,0.600772,-0.721590,0.796238,0.220605,0.563328
1403636585.963556,-157.158539,20.474864,-50.209936,0.516161,-0.760196,-0.394562,0.342117,0.605321,-0.718708,0.785196,0.235983,0.572520
1403636586.013556,-160.437542,18.679302,-50.995284,0.496492,-0.758684,-0.421775,0.257238,0.592663,-0.763268,0.829050,0.270461,0.489415
1403636586.063556,-163.056183,16.438603,-51.961244,0.517610,-0.749915,-0.411955,0.245609,0.591436,-0.768036,0.819607,0.296363,0.490320
1403636586.113555,-165.698988,14.189032,-52.964477,0.536436,-0.740194,-0.405399,0.233079,0.591621,-0.771789,0.811117,0.319525,0.489891
1403636586.163556,-168.285667,12.288663,-54.935579,0.559450,-0.706706,-0.433108,0.197100,0.620971,-0.758648,0.805088,0.339060,0.486694
1403636586.213556,-170.405550,9.168693,-56.093329,0.574681,-0.703133,-0.418742,0.201497,0.617492,-0.760330,0.793183,0.352572,0.496541
1403636586.263556,-172.835595,7.507175,-57.980056,0.590577,-0.680879,-0.433155,0.178863,0.633852,-0.752489,0.786910,0.366927,0.496123
1403636586.313555,-176.448183,5.615130,-59.026430,0.607446,-0.640063,-0.470456,0.060967,0.628063,-0.775770,0.792018,0.442556,0.420537
1403636586.363556,-179.521704,2.357816,-60.479454,0.615578,-0.626029,-0.478698,0.039933,0.631425,-0.774408,0.787064,0.457593,0.413690
1403636586.413556,-182.240248,-0.178276,-61.366806,0.631814,-0.612557,-0.474959,0.036328,0.635483,-0.771260,0.774268,0.470038,0.423760
1403636586.463556,-185.828213,-2.249851,-62.539646,0.631807,-0.599140,-0.491783,0.006489,0.638522,-0.769576,0.775098,0.483033,0.407311
1403636586.513556,-189.008447,-5.499890,-64.030313,0.632717,-0.592054,-0.499141,-0.004247,0.641903,-0.766774,0.774371,0.487271,0.403629
1403636586.563556,-191.564165,-8.776335,-64.255450,0.636330,-0.600124,-0.484701,-0.002790,0.626531,-0.779392,0.771412,0.497303,0.397006
1403636586.613555,-195.431681,-11.160468,-64.963537,0.628412,-0.601672,-0.493041,-0.004018,0.631307,-0.775523,0.777870,0.489328,0.394304
1403636586.663556,-199.366634,-13.668226,-65.573699,0.622201,-0.600037,-0.502813,-0.005871,0.638685,-0.769446,0.782835,0.481703,0.393868
1403636586.713556,-203.059053,-15.771145,-65.854135,0.604028,-0.603509,-0.520506,-0.019639,0.641642,-0.766753,0.796721,0.473363,0.375718
1403636586.763556,-206.123514,-18.317598,-66.680066,0.597762,-0.605930,-0.524909,-0.015819,0.645724,-0.763407,0.801517,0.464640,0.376404
1403636586.813555,-208.682044,-20.030669,-67.506479,0.593402,-0.593349,-0.543885,-0.008029,0.671315,-0.741128,0.804866,0.444154,0.393596
1403636586.863556,-211.796802,-22.573782,-68.491216,0.587011,-0.597676,-0.546078,-0.004642,0.672025,-0.740514,0.809566,0.437225,0.391712
1403636586.913556,-214.939200,-25.129476,-69.509074,0.582177,-0.603015,-0.545384,0.000942,0.671277,-0.741206,0.813062,0.430999,0.391370
1403636586.963556,-217.175074,-27.554022,-70.233970,0.580366,-0.610074,-0.539431,0.013986,0.669771,-0.742436,0.814236,0.423340,0.397245
1403636587.013556,-219.675503,-30.720408,-71.739774,0.596296,-0.614610,-0.516416,0.039865,0.665174,-0.745623,0.801774,0.424025,0.421142
1403636587.063556,-222.173997,-32.667221,-73.278060,0.599918,-0.611250,-0.516209,0.047422,0.671244,-0.739718,0.798655,0.419291,0.431678
1403636587.113555,-225.372713,-35.275435,-74.567478,0.603429,-0.611919,-0.511301,0.052020,0.670039,-0.740501,0.795718,0.420242,0.436153
1403636587.163556,-228.598674,-37.893738,-75.893812,0.607092,-0.611572,-0.507365,0.054646,0.669110,-0.741151,0.792750,0.422221,0.439632
1403636587.213556,-231.019813,-40.739594,-77.768208,0.611532,-0.610977,-0.502729,0.074468,0.677009,-0.732198,0.787708,0.410325,0.459510
1403636587.263556,-234.544271,-43.600321,-78.314141,0.610886,-0.608843,-0.506091,0.070789,0.678675,-0.731020,0.788547,0.410744,0.457692
1403636587.313555,-237.829267,-46.966381,-79.172692,0.643816,-0.644517,-0.412430,0.085217,0.596038,-0.798421,0.760421,0.478890,0.438663
1403636587.363556,-241.511991,-49.588765,-79.675503,0.618188,-0.661027,-0.425308,0.070790,0.585704,-0.807427,0.782836,0.469034,0.408870
1403636587.413556,-243.994741,-52.859765,-81.097827,0.669555,-0.644074,-0.369954,0.128571,0.591059,-0.796316,0.731550,0.485612,0.478555
1403636587.463556,-247.161962,-56.016646,-81.739777,0.674053,-0.635696,-0.376221,0.121182,0.597575,-0.792602,0.728675,0.488665,0.479832
1403636587.513556,-250.197612,-59.071684,-84.362295,0.680919,-0.620634,-0.388796,0.120541,0.618618,-0.776390,0.722370,0.481793,0.496041
1403636587.563556,-253.655087,-62.489952,-85.318888,0.683104,-0.617012,-0.390725,0.113109,0.617931,-0.778054,0.721509,0.487297,0.491901
1403636587.613555,-256.072956,-65.988924,-86.995653,0.680597,-0.634920,-0.365600,0.178858,0.627893,-0.757470,0.710491,0.450141,0.540903
1403636587.663556,-258.530259,-69.366113,-89.018951,0.692577,-0.668339,-0.271404,0.339850,0.634194,-0.694478,0.636270,0.388743,0.666363
1403636587.713556,-261.835850,-72.109968,-90.813012,0.694094,-0.659739,-0.288060,0.335445,0.650455,-0.681458,0.636955,0.376367,0.672783
1403636587.763556,-265.229332,-74.966960,-92.793817,0.691570,-0.670920,-0.267576,0.322202,0.618090,-0.717043,0.646465,0.409672,0.643624
1403636587.813555,-268.547213,-77.997234,-94.631456,0.696185,-0.661753,-0.278227,0.315172,0.629989,-0.709775,0.644976,0.406445,0.647154
1403636587.863556,-271.665915,-80.646857,-96.455292,0.554126,-0.789936,0.262576,0.585055,0.145186,-0.797892,0.592161,0.595754,0.542607
1403636587.913556,-275.209618,-83.957817,-97.684188,0.561070,-0.786878,0.256949,0.576489,0.148692,-0.803462,0.594021,0.598927,0.537053
1403636587.963556,-278.490253,-87.842910,-100.629537,0.573689,-0.787584,0.224927,0.563142,0.179858,-0.806550,0.594771,0.589374,0.546704
1403636588.013556,-281.104669,-92.003880,-102.564197,0.562996,-0.782018,0.267362,0.638323,0.205968,-0.741702,0.524956,0.588239,0.615139
1403636588.063556,-283.244728,-96.070260,-105.171888,0.540963,-0.797507,0.267098,0.682288,0.230437,-0.693817,0.491775,0.557567,0.668788
1403636588.113555,-286.307019,-98.299521,-108.117763,0.488696,-0.850982,0.192367,0.473041,0.073181,-0.877996,0.733082,0.520071,0.438313
1403636588.163556,-289.772990,-101.258425,-110.936000,0.502874,-0.857582,0.108035,0.475475,0.170078,-0.863132,0.721832,0.485414,0.493286
1403636588.213556,-293.826867,-104.066486,-112.218629,0.502588,-0.857567,0.109470,0.476918,0.169407,-0.862468,0.721079,0.485674,0.494131
1403636588.263556,-297.221184,-106.004624,-114.856715,0.503678,-0.857604,0.104037,0.478413,0.176625,-0.860189,0.719326,0.483031,0.499251
1403636588.313555,-300.349473,-109.180676,-116.727727,0.512987,-0.845151,0.150213,0.531772,0.175520,-0.828499,0.673842,0.504888,0.539467
1403636588.363556,-304.051562,-112.077687,-119.306521,0.510874,-0.846906,0.147507,0.534766,0.178739,-0.825880,0.673077,0.500803,0.544209
1403636588.413556,-307.779371,-114.987714,-121.926312,0.510263,-0.848043,0.143021,0.535228,0.182968,-0.824653,0.673173,0.497339,0.547258
1403636588.463556,-311.532526,-117.910846,-124.586951,0.510469,-0.848325,0.140589,0.535413,0.185631,-0.823938,0.672870,0.495868,0.548963
1403636588.513556,-315.311164,-120.847612,-127.289001,0.510553,-0.848137,0.141421,0.533933,0.183797,-0.825309,0.673982,0.496873,0.546686
1403636588.563556,-319.115149,-123.798231,-130.031740,0.509980,-0.848452,0.141598,0.533384,0.182769,-0.825891,0.674850,0.496714,0.545759
1403636588.613555,-322.574719,-127.545926,-132.316808,0.522954,-0.826363,0.208907,0.581249,0.166475,-0.796515,0.623433,0.537968,0.567382
1403636588.663556,-327.068414,-131.150186,-135.181397,0.524536,-0.819815,0.229705,0.581283,0.147714,-0.800182,0.622071,0.553248,0.554026
1403636588.713556,-329.937792,-135.122148,-137.916525,0.528684,-0.804646,0.270257,0.626323,0.154907,-0.764018,0.572899,0.573192,0.585865
1403636588.763556,-333.924442,-137.851836,-140.642567,0.509427,-0.796927,0.324641,0.329765,-0.167667,-0.929055,0.794820,0.580341,0.177385
1403636588.813555,-337.815665,-141.774576,-140.910077,0.473161,-0.774401,0.420025,0.474593,-0.177614,-0.862099,0.742213,0.607253,0.283486
1403636588.863556,-342.015428,-145.424060,-141.276043,0.400572,-0.616162,0.678149,0.691121,-0.282747,-0.665136,0.601576,0.735118,0.312582
1403636588.913556,-345.073761,-150.164282,-143.404168,0.401516,-0.622348,0.671914,0.699134,-0.265630,-0.663816,0.591605,0.736291,0.328450
1403636588.963556,-348.088539,-154.843484,-145.660792,0.396371,-0.629132,0.668643,0.706482,-0.256102,-0.659769,0.586323,0.733897,0.342959
1403636589.013556,-351.320503,-159.651298,-146.740966,0.351115,-0.586602,0.729806,0.791833,-0.229958,-0.565792,0.499720,0.776542,0.383749
1403636589.063556,-354.664690,-164.121257,-149.768991,0.476613,-0.595794,0.646428,0.734510,-0.134158,-0.665205,0.483048,0.791853,0.373675
1403636589.113555,-357.187935,-169.145589,-152.369558,0.464944,-0.603314,0.647950,0.743008,-0.132067,-0.656123,0.481421,0.786493,0.386863
1403636589.163556,-359.910813,-172.976413,-154.398059,0.427326,-0.608974,0.668239,0.726257,-0.208992,-0.654884,0.538464,0.765162,0.352964
1403636589.213556,-363.597040,-177.507835,-157.171340,0.480916,-0.595215,0.643769,0.703559,-0.176162,-0.688456,0.523187,0.784019,0.334049
1403636589.263556,-367.876308,-181.867458,-159.331054,0.584003,-0.523865,0.620086,0.636514,-0.178545,-0.750315,0.503777,0.832879,0.229176
1403636589.313555,-370.586173,-187.143460,-161.032160,0.583438,-0.522810,0.621507,0.640380,-0.174526,-0.747966,0.499513,0.834392,0.232972
1403636589.363556,-373.408687,-192.639972,-162.754501,0.584037,-0.513369,0.628771,0.640202,-0.184903,-0.745622,0.499041,0.838011,0.220670
1403636589.413556,-376.086007,-197.980873,-164.310321,0.578249,-0.516670,0.631411,0.647803,-0.179703,-0.740309,0.495963,0.837113,0.230787
1403636589.463556,-378.825802,-203.443894,-164.842594,0.545265,0.248982,-0.800433,0.187362,0.894515,0.405880,0.817056,-0.371283,0.441098
1403636589.513556,-384.251240,-200.669939,-167.930087,0.547125,0.233303,-0.803881,0.188093,0.901544,0.389665,0.815644,-0.364400,0.449374
1403636589.563556,-389.410476,-197.952889,-170.762213,0.547016,0.225251,-0.806247,0.194127,0.902730,0.383917,0.814302,-0.366524,0.450081
1403636589.613555,-395.378590,-196.673079,-174.436868,0.547084,0.107848,-0.830101,0.208709,0.942773,0.260038,0.810642,-0.315513,0.493267
1403636589.663556,-400.168589,-194.482891,-177.488815,0.555836,0.136766,-0.819964,0.205121,0.933310,0.294718,0.805588,-0.332007,0.490714
1403636589.713556,-406.194736,-192.678956,-181.496378,0.556164,0.093797,-0.825762,0.208175,0.946210,0.247687,0.804577,-0.309658,0.506722
1403636589.763556,-412.212183,-191.230710,-184.333331,0.457783,0.105487,-0.882784,0.152622,0.968872,0.194919,0.875866,-0.223963,0.427433
1403636589.813555,-417.467651,-189.677266,-187.263831,0.456458,0.080801,-0.886069,0.160793,0.971980,0.171467,0.875095,-0.220741,0.430675
1403636589.863556,-423.520902,-189.258582,-189.360627,0.103167,0.032886,-0.994120,-0.057012,0.998006,0.027098,0.993029,0.053881,0.104836
1403636589.913556,-429.171315,-190.538607,-189.568707,-0.300173,-0.774241,-0.557178,-0.606698,0.605704,-0.514820,0.736080,0.183504,-0.651547
1403636589.963556,-433.746574,-192.473242,-185.760477,-0.285601,-0.789263,-0.543596,-0.600526,0.589436,-0.540308,0.746861,0.172131,-0.642316
1403636590.013556,-438.938156,-193.992552,-181.434584,-0.288674,-0.798971,-0.527554,-0.591020,0.582202,-0.558333,0.753235,0.150619,-0.640274
1403636590.063556,-443.719975,-195.113381,-177.370844,-0.287764,-0.798710,-0.528445,-0.581608,0.584125,-0.566154,0.760870,0.144429,-0.632627
1403636590.113555,-448.329136,-197.122808,-171.696704,-0.293462,-0.812336,-0.503974,-0.572187,0.571583,-0.588129,0.765821,0.115774,-0.632546
1403636590.163556,-452.791435,-198.656181,-166.922760,-0.298945,-0.813098,-0.499503,-0.566587,0.572427,-0.592712,0.767862,0.105824,-0.631815
1403636590.213556,-456.750035,-200.615878,-162.886440,-0.113350,-0.588645,-0.800405,-0.070685,0.808334,-0.584466,0.991038,-0.009673,-0.133233
1403636590.263556,-463.275803,-201.645661,-161.517660,-0.114949,-0.589566,-0.799499,-0.069630,0.807636,-0.585556,0.990928,-0.011640,-0.133889
1403636590.313555,-469.832807,-202.671517,-160.167387,-0.113288,-0.590910,-0.798744,-0.070629,0.806675,-0.586760,0.991049,-0.010058,-0.133122
1403636590.363556,-475.943516,-203.635977,-159.712319,-0.027050,-0.429424,-0.902698,0.096818,0.897657,-0.429927,0.994934,-0.099027,0.017294
1403636590.413556,-482.280008,-204.134852,-160.493773,0.028003,-0.314704,-0.948777,0.262581,0.918133,-0.296789,0.964504,-0.240820,0.108345
1403636590.463556,-489.197913,-203.449903,-160.210956,-0.142730,-0.315855,-0.938010,0.273616,0.898189,-0.344080,0.951190,-0.305765,-0.041776
1403636590.513556,-495.439618,-202.053866,-160.642951,-0.055148,-0.165801,-0.984616,0.344859,0.922269,-0.174618,0.937033,-0.349184,0.006317
1403636590.563556,-501.380971,-200.912183,-160.392967,-0.057028,-0.120416,-0.991084,0.324141,0.936689,-0.132459,0.944288,-0.328805,-0.014386
1403636590.613555,-508.179184,-199.670117,-161.566993,-0.033493,-0.085445,-0.995780,0.360982,0.928046,-0.091774,0.931971,-0.362533,-0.000239
1403636590.663556,-515.145100,-199.005537,-161.959020,-0.009272,-0.160366,-0.987014,0.398377,0.904750,-0.150742,0.917175,-0.394601,0.055497
1403636590.713556,-522.508030,-197.733101,-162.260889,-0.038917,-0.218222,-0.975123,0.391876,0.894354,-0.215787,0.919194,-0.390525,0.050710
1403636590.763556,-529.332227,-196.789877,-163.229592,0.012473,-0.250799,-0.967959,0.426656,0.876824,-0.221688,0.904328,-0.410220,0.117942
1403636590.813555,-536.634094,-195.435524,-164.071418,0.008700,-0.267706,-0.963461,0.422556,0.874231,-0.239096,0.906295,-0.405036,0.120727
1403636590.863556,-543.783137,-193.672036,-164.345315,-0.070000,-0.333410,-0.940179,0.369648,0.866726,-0.334884,0.926531,-0.370978,0.062574
1403636590.913556,-551.145798,-192.617581,-164.528748,-0.069109,-0.317725,-0.945661,0.363782,0.874630,-0.320445,0.928917,-0.366160,0.055138
1403636590.963556,-558.300504,-191.702486,-164.735148,-0.067839,-0.315122,-0.946624,0.360472,0.876974,-0.317769,0.930300,-0.362789,0.054100
1403636591.013556,-565.666215,-190.727491,-164.973081,-0.067149,-0.312300,-0.947607,0.359730,0.878295,-0.314948,0.930637,-0.362032,0.053367
1403636591.063556,-573.115071,-189.664186,-165.105503,-0.068931,-0.308503,-0.948723,0.360085,0.879182,-0.312053,0.930369,-0.363131,0.050484
1403636591.113555,-579.261607,-187.589690,-165.291579,-0.106430,-0.233979,-0.966399,0.362743,0.895798,-0.256834,0.925792,-0.377889,-0.010466
1403636591.163556,-586.395737,-186.567841,-165.131357,-0.103746,-0.215261,-0.971030,0.360533,0.901759,-0.238424,0.926959,-0.374824,-0.015945
1403636591.213556,-593.564844,-185.599604,-165.061377,-0.101792,-0.211612,-0.972039,0.359765,0.903149,-0.234289,0.927474,-0.373554,-0.015803
1403636591.263556,-600.502492,-183.746823,-166.265078,0.008013,-0.150664,-0.988553,0.417515,0.898795,-0.133600,0.908635,-0.411665,0.070107
1403636591.313555,-608.031903,-181.968187,-166.507796,-0.078296,-0.243221,-0.966806,0.418338,0.872253,-0.253313,0.904910,-0.424285,0.033455
1403636591.363556,-615.135537,-178.700514,-167.475110,-0.072436,-0.194328,-0.978258,0.408172,0.889161,-0.206853,0.910027,-0.414281,0.014912
1403636591.413556,-622.275284,-177.361433,-167.810726,-0.069888,-0.187656,-0.979745,0.402578,0.893311,-0.199817,0.912714,-0.408389,0.013115
1403636591.463556,-630.263420,-174.812144,-167.837390,-0.097606,-0.158770,-0.982479,0.431949,0.882606,-0.185543,0.896601,-0.442491,-0.017567
1403636591.513556,-637.647785,-172.875820,-167.450857,-0.155965,-0.246407,-0.956535,0.461126,0.838221,-0.291116,0.873520,-0.486487,-0.017109
1403636591.563556,-644.542002,-170.900652,-167.500870,-0.152083,-0.232117,-0.960725,0.453229,0.847430,-0.276490,0.878325,-0.477478,-0.023678
1403636591.613555,-651.175630,-167.340649,-168.496036,-0.125812,-0.158304,-0.979342,0.447514,0.871982,-0.198441,0.885383,-0.463235,-0.038863
1403636591.663556,-657.823527,-164.609620,-169.763466,-0.110885,-0.114806,-0.987180,0.462408,0.873279,-0.153500,0.879706,-0.473501,-0.043746
1403636591.713556,-664.531548,-160.836033,-171.024457,-0.093982,-0.071720,-0.992987,0.454916,0.884094,-0.106911,0.885561,-0.461773,-0.050462
1403636591.763556,-672.064815,-158.424994,-171.290302,-0.109260,-0.084810,-0.990389,0.458416,0.879773,-0.125910,0.881996,-0.467767,-0.057246
1403636591.813555,-679.053947,-155.202875,-172.129164,-0.127777,-0.072318,-0.989163,0.449962,0.884565,-0.122796,0.883859,-0.460777,-0.080487
1403636591.863556,-685.139745,-152.331561,-172.944656,-0.118240,-0.046091,-0.991915,0.446011,0.890022,-0.094523,0.887183,-0.453582,-0.084679
1403636591.913556,-691.921043,-149.466300,-174.832986,-0.094611,-0.026085,-0.995173,0.445272,0.892979,-0.065738,0.890383,-0.449342,-0.072870
1403636591.963556,-698.539067,-146.179363,-176.972990,-0.072640,-0.006235,-0.997339,0.437076,0.898645,-0.037452,0.896487,-0.438633,-0.062552
1403636592.013556,-705.144404,-142.860752,-179.217790,-0.048160,0.013230,-0.998752,0.430814,0.902398,-0.008820,0.901155,-0.430701,-0.049159
1403636592.063556,-712.281797,-140.384855,-180.116060,-0.046367,0.027317,-0.998551,0.415929,0.909380,0.005564,0.908214,-0.415068,-0.053528
1403636592.113555,-718.814435,-137.826715,-181.067640,-0.045697,0.040778,-0.998123,0.399044,0.916731,0.019183,0.915792,-0.397418,-0.058164
1403636592.163556,-725.439840,-135.324313,-181.925068,-0.044115,0.052355,-0.997654,0.386099,0.921926,0.031308,0.921402,-0.383812,-0.060885
1403636592.213556,-732.299581,-132.026536,-182.201314,-0.056883,0.082709,-0.994949,0.406126,0.912301,0.052620,0.912045,-0.401081,-0.085485
1403636592.263556,-739.308224,-129.410224,-182.605326,-0.062451,0.075714,-0.995172,0.407501,0.912153,0.043825,0.911067,-0.402797,-0.087819
1403636592.313555,-746.145971,-125.440894,-184.258760,-0.017596,0.101642,-0.994665,0.393912,0.915065,0.086539,0.918980,-0.390288,-0.056139
1403636592.363556,-753.034686,-122.109930,-186.265034,0.037547,0.097842,-0.994493,0.396189,0.912180,0.104702,0.917401,-0.397938,-0.004515
1403636592.413556,-759.578741,-118.863809,-187.007074,0.039201,0.086876,-0.995448,0.411712,0.906316,0.095311,0.910471,-0.413574,-0.000240
1403636592.463556,-765.832856,-115.289719,-188.674098,0.049240,0.063032,-0.996796,0.395518,0.915190,0.077410,0.917137,-0.398063,0.020134
1403636592.513556,-772.437172,-111.746297,-189.723735,0.041229,0.062285,-0.997206,0.414547,0.907031,0.073792,0.909093,-0.416431,0.011576
1403636592.563556,-779.077956,-108.260173,-190.704097,0.038494,0.043847,-0.998296,0.433447,0.899424,0.056218,0.900357,-0.434873,0.015617
1403636592.613555,-785.683732,-104.339101,-192.187600,0.010896,0.132122,-0.991174,0.488710,0.864077,0.120553,0.872378,-0.485710,-0.055154
1403636592.663556,-792.087408,-100.287153,-193.066244,0.007770,0.110721,-0.993821,0.513013,0.852652,0.099005,0.858345,-0.510613,-0.050176
1403636592.713556,-798.504367,-96.102715,-195.061663,0.143616,0.153912,-0.977592,0.472679,0.857203,0.204398,0.869453,-0.491442,0.050357
1403636592.763556,-804.646416,-92.110382,-197.455306,0.157747,0.143772,-0.976957,0.484376,0.850880,0.203429,0.860521,-0.505305,0.064585
1403636592.813555,-811.427184,-88.789665,-199.173102,-0.361174,-0.536153,-0.762950,0.496584,0.581929,-0.644021,0.789277,-0.611472,0.056067
1403636592.863556,-818.864587,-86.278977,-201.004858,-0.175640,-0.643902,-0.744675,0.565532,0.553170,-0.611700,0.805806,-0.528576,0.266989
1403636592.913556,-825.557796,-83.623450,-204.148310,-0.152223,-0.609267,-0.778217,0.574346,0.586265,-0.571332,0.804335,-0.533936,0.260687
1403636592.963556,-832.457374,-81.759989,-206.567919,-0.133729,-0.687959,-0.713323,0.584175,0.526715,-0.617504,0.800535,-0.499284,0.331451
1403636593.013556,-839.730447,-80.583953,-210.097870,-0.049165,-0.716854,-0.695488,0.658667,0.500186,-0.562114,0.750827,-0.485731,0.447576
1403636593.063556,-848.127502,-79.202016,-214.038592,-0.184379,-0.929071,-0.320673,0.756454,-0.342452,0.557229,-0.627520,-0.139833,0.765940
1403636593.113555,-844.246760,-79.608338,-221.493007,-0.213183,-0.922073,-0.323009,0.732742,-0.369577,0.571404,-0.646253,-0.114869,0.754428
1403636593.163556,-841.013973,-78.557104,-229.738820,-0.272942,-0.961761,-0.022756,0.918022,-0.267456,0.292750,-0.287642,0.059013,0.955918
1403636593.213556,-840.794600,-79.607110,-237.780131,-0.052555,-0.871670,-0.487267,0.814690,0.244757,-0.525714,0.577511,-0.424600,0.697277
1403636593.263556,-847.272538,-79.243195,-243.045479,0.109256,-0.839082,-0.532920,0.941784,0.258881,-0.214530,0.317972,-0.478457,0.818519
1403636593.313555,-851.772750,-77.408104,-250.895859,0.104204,-0.853427,-0.510690,0.946965,0.242078,-0.211319,0.303972,-0.461585,0.833391
1403636593.363556,-855.938380,-75.616036,-257.906658,0.149662,-0.785580,-0.600388,0.931370,0.315840,-0.181095,0.331891,-0.532081,0.778934
1403636593.413556,-861.699051,-72.767279,-264.575776,0.183107,-0.815728,-0.548689,0.818367,0.435741,-0.374707,0.544745,-0.380417,0.747352
1403636593.463556,-867.783355,-73.157284,-270.830469,0.170632,-0.790616,-0.588057,0.870505,0.400565,-0.285953,0.461634,-0.463114,0.756584
1403636593.513556,-873.548601,-71.382048,-277.969842,0.000434,-0.994107,0.108404,-0.977277,-0.023399,-0.210671,0.211966,-0.105849,-0.971528
1403636593.563556,-872.367397,-72.731751,-268.220032,-0.000459,-0.995132,0.098554,-0.979622,-0.019347,-0.199916,0.200850,-0.096638,-0.974844
1403636593.613555,-871.044503,-74.392815,-259.775306,-0.069183,-0.997581,0.006810,-0.906278,0.059994,-0.418403,0.416982,-0.035118,-0.908236
1403636593.663556,-872.661684,-76.356822,-251.470203,-0.048409,-0.994937,-0.088071,-0.894123,0.082467,-0.440163,0.445198,0.057439,-0.893588
1403636593.713556,-873.708250,-77.650462,-242.423953,-0.066981,-0.997620,-0.016369,-0.993501,0.068199,-0.091126,0.092025,0.010159,-0.995705
1403636593.763556,-872.126471,-79.083255,-232.744384,-0.143643,-0.985828,-0.086663,-0.989569,0.142114,0.023600,-0.010950,0.089149,-0.995958
1403636593.813555,-870.652017,-81.486699,-224.614837,0.006406,-0.918162,-0.396154,-0.999919,-0.010228,0.007536,-0.010971,0.396074,-0.918153
1403636593.863556,-869.198887,-86.186494,-217.195585,0.045494,-0.880755,-0.471381,-0.997283,-0.067415,0.029712,-0.057947,0.468749,-0.881429
1403636593.913556,-866.247062,-90.756262,-209.318564,-0.155347,-0.850473,-0.502556,-0.946547,-0.017434,0.322095,-0.282695,0.525729,-0.802305
1403636593.963556,-861.865992,-95.950022,-202.737801,-0.379196,-0.764564,-0.521203,-0.803893,-0.006730,0.594736,-0.458222,0.644513,-0.612076
1403636594.013556,-857.670384,-103.198907,-198.319707,-0.359940,-0.755475,-0.547449,-0.786160,-0.070374,0.614004,-0.502390,0.651387,-0.568593
1403636594.063556,-853.353607,-110.830544,-195.062524,-0.206274,-0.641811,-0.738600,-0.841739,-0.268494,0.468388,-0.498926,0.718324,-0.484854
1403636594.113555,-847.385330,-117.827644,-192.293945,-0.381624,-0.691986,-0.612795,-0.739566,-0.169079,0.651501,-0.554441,0.701831,-0.447245
1403636594.163556,-841.507714,-124.995220,-190.051908,-0.518960,-0.721343,-0.458634,-0.620836,-0.050737,0.782297,-0.587573,0.690718,-0.421505
1403636594.213556,-836.235682,-131.582787,-187.380201,-0.502093,-0.757368,0.417489,0.859221,-0.382056,0.340254,-0.098193,0.529554,0.842574
1403636594.263556,-837.215023,-136.808194,-194.406115,-0.511688,-0.740155,0.436286,0.856006,-0.395637,0.332753,-0.073678,0.543729,0.836020
1403636594.313555,-836.931297,-142.681521,-200.653962,-0.489591,-0.780907,0.387924,0.868413,-0.396646,0.297542,-0.078484,0.482552,0.872344
1403636594.363556,-836.343779,-148.999414,-207.712332,-0.403106,-0.910025,0.096745,0.896463,-0.371404,0.241689,-0.184012,0.184154,0.965519
