0.000000 0.000000 0.000000 1.000000 0.000000 0.000000 0.000000 1.000000 0.000000 0.000000 0.000000 1.000000
-0.087362 0.126078 0.988166 0.999967 -0.000440 0.008104 0.000496 0.999976 -0.006874 -0.008101 0.006878 0.999944
0.864288 -0.071435 1.223433 0.999421 -0.004139 0.033786 0.004757 0.999823 -0.018226 -0.033705 0.018376 0.999263
0.066580 0.504445 1.402387 0.999566 -0.004312 0.029134 0.004822 0.999836 -0.017467 -0.029054 0.017600 0.999423
0.834906 1.078260 1.685957 0.998541 -0.008193 0.053381 0.008959 0.999860 -0.014116 -0.053258 0.014574 0.998474
0.714000 1.197670 2.671413 0.998143 -0.007740 0.060425 0.009079 0.999719 -0.021914 -0.060239 0.022422 0.997932
0.649520 0.917041 3.629061 0.997973 -0.006072 0.063350 0.008322 0.999341 -0.035323 -0.063094 0.035779 0.997366
0.408959 0.750603 4.585319 0.998298 -0.001394 0.058299 0.004216 0.998824 -0.048297 -0.058163 0.048460 0.997130
0.337592 0.701683 5.581568 0.998524 -0.000657 0.054306 0.003750 0.998375 -0.056863 -0.054180 0.056983 0.996904
0.224076 0.621525 6.571866 0.998833 0.003431 0.048172 -0.000330 0.997934 -0.064250 -0.048293 0.064159 0.996771
0.086370 0.557395 7.560260 0.999020 0.003922 0.044093 -0.000875 0.997622 -0.068911 -0.044258 0.068805 0.996648
-0.061955 0.473505 8.545634 0.998630 0.002440 0.052272 0.000750 0.998143 -0.060904 -0.052324 0.060860 0.996774
-0.471738 0.414012 9.455875 0.998438 0.002227 0.055830 0.000538 0.998776 -0.049468 -0.055872 0.049421 0.997214
-0.685761 0.413544 10.432704 0.998197 0.000542 0.060020 0.001819 0.999227 -0.039268 -0.059995 0.039306 0.997425
-0.735850 0.313692 11.426445 0.997669 0.003456 0.068150 -0.001449 0.999564 -0.029476 -0.068222 0.029309 0.997240
-0.793159 0.173853 12.414846 0.997215 0.002697 0.074533 -0.001358 0.999837 -0.018012 -0.074569 0.017860 0.997056
-1.320861 -0.000358 13.246219 0.996896 0.001772 0.078707 -0.001371 0.999986 -0.005146 -0.078715 0.005022 0.996884
-1.617395 -0.048082 14.200048 0.996454 0.000158 0.084138 -0.000983 0.999952 0.009772 -0.084132 -0.009820 0.996406
-1.919447 -0.130975 15.149729 0.995914 -0.001884 0.090286 -0.000398 0.999681 0.025251 -0.090304 -0.025184 0.995596
-2.127409 -0.341815 16.104872 0.995294 -0.000978 0.096896 -0.002871 0.999213 0.039574 -0.096858 -0.039666 0.994507
-2.353482 -0.559248 17.054405 0.994564 0.001676 0.104111 -0.007480 0.998437 0.055379 -0.103856 -0.055857 0.993023
-2.644147 -0.671776 18.004590 0.993803 -0.000528 0.111156 -0.007625 0.997309 0.072913 -0.110895 -0.073309 0.991125
-3.059106 -0.914825 18.881366 0.993133 -0.001441 0.116985 -0.008978 0.996036 0.088494 -0.116649 -0.088936 0.989183
-3.255857 -1.051785 19.852206 0.992184 -0.000279 0.124784 -0.012998 0.994327 0.105569 -0.124106 -0.106366 0.986552
-3.410098 -0.914954 20.830719 0.991176 -0.006414 0.132396 -0.010224 0.992153 0.124608 -0.132156 -0.124862 0.983333
-3.666899 -0.884813 21.796713 0.990218 -0.008821 0.139249 -0.011220 0.989734 0.142481 -0.139076 -0.142650 0.979953
-2.831741 -1.179258 22.261272 0.983227 -0.010409 0.182087 -0.017036 0.988763 0.148514 -0.181587 -0.149126 0.972002
-3.302256 -1.277423 23.138187 0.982390 -0.011373 0.186497 -0.019627 0.986342 0.163534 -0.185810 -0.164315 0.968749
-3.864487 -1.209865 23.962403 0.981805 -0.014939 0.189306 -0.019552 0.983650 0.179024 -0.188885 -0.179468 0.965460
-4.297629 -1.240244 24.863217 0.981084 -0.018030 0.192742 -0.019793 0.981092 0.192526 -0.192569 -0.192699 0.962177
-4.574679 -1.383451 25.813158 0.980223 -0.002927 0.197873 -0.038053 0.978443 0.202980 -0.194202 -0.206495 0.958982
-3.724956 -1.189918 26.303581 0.973793 0.000451 0.227437 -0.051536 0.974425 0.218723 -0.221522 -0.224712 0.948911
-4.193493 -1.158450 27.186465 0.973295 -0.009009 0.229382 -0.045705 0.971619 0.232092 -0.224963 -0.236378 0.945260
-4.935833 -1.257542 27.849119 0.974934 -0.012382 0.222148 -0.043171 0.968947 0.243470 -0.218265 -0.246957 0.944125
-5.564120 -1.274112 28.626924 0.976776 -0.018133 0.213493 -0.038608 0.965208 0.258618 -0.210755 -0.260855 0.942092
-5.754927 -1.307397 29.607988 0.976926 -0.031397 0.211256 -0.028354 0.961314 0.273991 -0.211686 -0.273659 0.938243
-6.370329 -1.326081 30.395979 0.979763 -0.040235 0.196074 -0.017928 0.958012 0.286168 -0.199355 -0.283892 0.937903
-6.960014 -1.220385 31.196666 0.982719 -0.057282 0.176015 0.001705 0.953672 0.300844 -0.185094 -0.295345 0.937289
-6.207906 -1.699747 31.648934 0.972894 -0.058953 0.223610 -0.007149 0.958830 0.283891 -0.231140 -0.277795 0.932419
-6.980455 -1.674464 32.283385 0.976920 -0.064885 0.203513 0.003096 0.956949 0.290238 -0.213584 -0.282909 0.935064
-7.834365 -1.699797 32.803189 0.981479 -0.072172 0.177455 0.017065 0.955575 0.294253 -0.190808 -0.285774 0.939109
-8.634796 -1.723526 33.402144 0.984828 -0.081497 0.153204 0.032636 0.954091 0.297733 -0.170435 -0.288216 0.942276
-8.782088 -1.786981 34.389200 0.985824 -0.085609 0.144296 0.038703 0.952868 0.300907 -0.163255 -0.291057 0.942674
-9.722533 -1.858174 34.721608 0.989583 -0.094778 0.108362 0.058478 0.952453 0.299022 -0.131551 -0.289571 0.948074
-10.661199 -1.739676 35.045434 0.992411 -0.102337 0.068179 0.077324 0.950448 0.301113 -0.095616 -0.293556 0.951148
-11.289274 -1.302390 35.451755 0.999377 -0.034562 0.007093 0.029846 0.935356 0.352445 -0.018816 -0.352014 0.935806
-10.973698 -1.715263 36.306124 0.998871 -0.047299 0.004373 0.042748 0.935252 0.351391 -0.020710 -0.350808 0.936218
-10.493271 -2.002310 37.134854 0.997878 -0.064483 0.009009 0.057169 0.933979 0.352725 -0.031159 -0.351461 0.935684
-10.973439 -2.052510 38.010593 0.997044 -0.076102 -0.010599 0.074962 0.933136 0.351623 -0.016869 -0.351378 0.936082
-11.044824 -2.208495 38.995770 0.996819 -0.078279 -0.015001 0.078635 0.935164 0.345376 -0.013007 -0.345456 0.938345
-12.010210 -2.161656 39.252355 0.994730 -0.089251 -0.050464 0.101020 0.937299 0.333565 0.017528 -0.336905 0.941375
-12.990299 -2.213119 39.444130 0.991277 -0.100607 -0.085137 0.122560 0.941232 0.314740 0.048469 -0.322429 0.945352
-13.848062 -1.787685 39.732658 0.983305 -0.112258 -0.143213 0.152570 0.937533 0.312656 0.099169 -0.329286 0.939008
-14.608552 -1.231788 40.068267 0.970821 -0.116773 -0.209454 0.180581 0.930693 0.318121 0.157789 -0.346662 0.924623
-14.553016 -1.408207 41.051014 0.969909 -0.120105 -0.211780 0.183044 0.933273 0.309025 0.160533 -0.338491 0.927175
-15.440015 -1.255756 41.486893 0.965529 -0.127782 -0.226773 0.193698 0.934701 0.298020 0.173883 -0.331672 0.927231
-15.267857 -1.592682 42.412551 0.964172 -0.129823 -0.231341 0.194775 0.938496 0.285109 0.180099 -0.319954 0.930158
-16.234838 -1.820236 42.527298 0.956100 -0.139726 -0.257583 0.207752 0.943121 0.259540 0.206667 -0.301660 0.930747
-15.875043 -1.891210 43.457626 0.955085 -0.143038 -0.259523 0.209259 0.945652 0.248904 0.209816 -0.292032 0.933110
-16.512922 -1.175176 43.741186 0.943722 -0.138425 -0.300378 0.219488 0.941511 0.255701 0.247414 -0.307240 0.918907
-16.442539 -2.108644 44.706062 0.944921 -0.012194 -0.327072 0.111613 0.951411 0.286984 0.307681 -0.307682 0.900369
-17.410551 -2.215765 44.932948 0.936685 -0.019200 -0.349647 0.120408 0.955271 0.270111 0.328821 -0.295109 0.897099
-17.660905 -2.013910 43.986070 0.934478 -0.028334 -0.354892 0.127299 0.957521 0.258746 0.332485 -0.286969 0.898389
-16.684450 -2.094681 43.786040 0.941803 -0.037441 -0.334074 0.127099 0.959670 0.250758 0.311213 -0.278625 0.908579
-17.034585 -1.714014 42.930179 0.940430 -0.040963 -0.337511 0.127556 0.962710 0.238576 0.315152 -0.267415 0.910587
-16.768716 -2.099762 43.813645 0.937614 -0.047507 -0.344416 0.132561 0.964638 0.227816 0.321414 -0.259260 0.910756
-16.714733 -2.315722 44.788554 0.936151 -0.048854 -0.348187 0.130991 0.967468 0.216441 0.326286 -0.248231 0.912096
-16.708430 -2.471988 45.776249 0.934823 -0.047562 -0.351916 0.126738 0.970413 0.205512 0.331729 -0.236718 0.913192
-16.955118 -1.934151 44.970100 0.932541 -0.053451 -0.357085 0.131044 0.971650 0.196783 0.336443 -0.230303 0.913108
-17.247836 -1.469086 44.134617 0.930703 -0.056657 -0.361361 0.131569 0.973662 0.186204 0.341294 -0.220844 0.913644
-16.324373 -1.739565 43.862481 0.941735 -0.068795 -0.329245 0.132378 0.975669 0.174774 0.309211 -0.208175 0.927929
-15.377425 -2.057303 43.814196 0.944952 -0.077969 -0.317783 0.135769 0.977074 0.163993 0.297711 -0.198111 0.933874
-14.406460 -2.255222 43.679826 0.955933 -0.085734 -0.280787 0.133970 0.978413 0.157355 0.261235 -0.188038 0.946783
-14.577980 -1.811503 42.800227 0.954466 -0.087386 -0.285233 0.133918 0.979891 0.147919 0.266571 -0.179381 0.946975
-15.512131 -2.162854 42.737655 0.937779 -0.096170 -0.333650 0.137966 0.984975 0.103872 0.318648 -0.143441 0.936957
-16.503065 -1.905566 42.684602 0.929520 -0.018379 -0.368314 0.060626 0.992784 0.103464 0.363755 -0.118501 0.923926
-15.511604 -1.862626 42.561473 0.935585 -0.026489 -0.352106 0.066356 0.992606 0.101641 0.346810 -0.118458 0.930425
-14.518438 -1.861657 42.444765 0.950659 -0.038252 -0.307872 0.073934 0.991712 0.105079 0.301301 -0.122656 0.945607
-15.100562 -1.776690 41.636117 0.946635 -0.038863 -0.319957 0.072715 0.992862 0.094540 0.313999 -0.112760 0.942703
-15.001759 -1.941662 42.617453 0.945731 -0.025380 -0.323959 0.055980 0.994765 0.085490 0.320093 -0.098986 0.942201
-15.024911 -1.696959 41.648132 0.942698 -0.019998 -0.333049 0.050402 0.995282 0.082902 0.329820 -0.094937 0.939258
-15.015662 -1.909107 42.625325 0.939687 -0.008209 -0.341936 0.038335 0.995941 0.081439 0.339880 -0.089635 0.936188
-14.112715 -1.956673 42.198216 0.943029 -0.000254 -0.332711 0.029220 0.996199 0.082059 0.331425 -0.087106 0.939452
-14.113904 -1.765387 41.216682 0.939879 0.017211 -0.341072 0.011316 0.996611 0.081475 0.341319 -0.080436 0.936500
-14.543752 -0.958200 40.812110 0.933664 0.039617 -0.355952 -0.003946 0.994941 0.100384 0.358129 -0.092320 0.929097
-14.723277 -0.639307 39.881477 0.928776 0.055842 -0.366410 -0.018563 0.994353 0.104489 0.370175 -0.090245 0.924568
-14.836008 -0.372859 38.924243 0.924027 0.078103 -0.374263 -0.042027 0.993729 0.103615 0.380009 -0.080014 0.921516
-15.003332 -0.023549 38.002296 0.918121 0.097434 -0.384136 -0.060629 0.992429 0.106816 0.391635 -0.074780 0.917077
-15.139877 0.273661 37.057298 0.911795 0.119431 -0.392895 -0.082605 0.990559 0.109406 0.402252 -0.067301 0.913052
-15.254016 0.442634 36.078308 0.905005 0.145143 -0.399875 -0.110657 0.987956 0.108160 0.410757 -0.053636 0.910166
-14.823700 0.339772 35.254060 0.913362 0.172697 -0.368708 -0.124269 0.980619 0.151469 0.387721 -0.092527 0.917121
-15.069940 0.815085 34.409404 0.901099 0.207023 -0.381001 -0.154594 0.974308 0.163780 0.405119 -0.088682 0.909953
-15.578278 1.636190 34.668979 0.861567 0.309197 -0.402617 -0.202530 0.936615 0.285891 0.465493 -0.164772 0.869578
-15.404439 2.570564 34.979988 0.855160 0.373382 -0.359565 -0.246435 0.903094 0.351697 0.456039 -0.212148 0.864304
-15.495555 3.487986 35.367331 0.833170 0.472649 -0.287108 -0.304694 0.825595 0.474925 0.461508 -0.308213 0.831874
-15.635046 4.049208 34.551505 0.821451 0.489713 -0.292233 -0.316120 0.817522 0.481379 0.474644 -0.303048 0.826362
-15.362886 3.477466 35.325481 0.809044 0.507216 -0.296951 -0.327127 0.808344 0.489457 0.488299 -0.298852 0.819910
-15.207889 4.035694 34.510400 0.789022 0.536029 -0.300195 -0.355407 0.796811 0.488650 0.501129 -0.278864 0.819210
-14.729455 3.566601 35.252729 0.791552 0.535099 -0.295152 -0.346851 0.791043 0.503929 0.503130 -0.296513 0.811752
-14.937928 4.127404 34.451456 0.777110 0.553732 -0.299135 -0.360492 0.781229 0.509634 0.515893 -0.288206 0.806717
-14.654446 3.580554 35.239234 0.776045 0.557360 -0.295135 -0.356607 0.773765 0.523565 0.520179 -0.301062 0.799234
-13.727562 3.479786 35.600802 0.812684 0.404245 0.419679 -0.474622 0.877050 0.074281 -0.338051 -0.259556 0.904628
-14.230907 3.955134 36.322389 0.789867 0.429236 0.438026 -0.513830 0.853096 0.090584 -0.334797 -0.296620 0.894387
-14.817697 3.415101 36.925747 0.769099 0.471578 0.431394 -0.554272 0.828205 0.082816 -0.318229 -0.302803 0.898354
-15.424549 2.862386 37.496919 0.774222 0.466095 0.428178 -0.552838 0.827391 0.098969 -0.308142 -0.313337 0.898259
-14.522253 2.921698 36.941421 0.933961 -0.012682 0.357149 -0.172337 0.859510 0.481189 -0.313076 -0.510962 0.800563
-15.331717 2.334528 36.940480 0.942145 -0.000295 0.335206 -0.170475 0.860599 0.479903 -0.288620 -0.509282 0.810759
-16.144108 1.762221 37.052216 0.949340 0.013359 0.313967 -0.170725 0.860720 0.479598 -0.263831 -0.508904 0.819396
-16.643805 1.075189 37.579748 0.954797 0.028680 0.295872 -0.173930 0.861070 0.477815 -0.241063 -0.507677 0.827135
-17.222937 0.420645 38.065729 0.959306 0.043486 0.278999 -0.177913 0.860355 0.477636 -0.219268 -0.507837 0.833080
-17.872206 -0.216755 38.480664 0.964029 0.057012 0.259611 -0.179490 0.860021 0.477648 -0.196039 -0.507064 0.839318
-18.258671 -0.860102 39.141535 0.967886 0.069370 0.241629 -0.180809 0.859886 0.477394 -0.174656 -0.505751 0.844814
-18.999222 -1.513130 39.300090 0.973960 0.082979 0.210990 -0.176283 0.862375 0.474587 -0.142572 -0.499423 0.854547
-19.468498 -2.151170 39.910569 0.976889 0.095102 0.191423 -0.177012 0.861931 0.475123 -0.119809 -0.498027 0.858845
-19.970797 -2.787492 40.496051 0.979060 0.108292 0.172380 -0.179095 0.860769 0.476448 -0.096783 -0.497343 0.862138
-20.532915 -3.573868 40.752248 0.982762 0.117211 0.142970 -0.171667 0.865605 0.470380 -0.068622 -0.486815 0.870805
-21.220125 -4.256689 41.000235 0.984388 0.131258 0.117266 -0.171382 0.866582 0.468684 -0.040103 -0.481464 0.875548
-21.523831 -4.924848 41.679445 0.985002 0.142000 0.098017 -0.171527 0.867442 0.467036 -0.018705 -0.476844 0.878789
-21.865248 -5.650922 42.276313 0.984279 0.159013 0.076877 -0.176474 0.867601 0.464893 0.007225 -0.471151 0.882023
-22.332162 -6.434657 42.685885 0.983567 0.172870 0.052075 -0.177190 0.868942 0.462109 0.034635 -0.463742 0.885293
-22.733067 -7.261300 43.095739 0.940991 0.303502 0.149742 -0.337611 0.872614 0.352936 -0.023550 -0.382664 0.923587
-23.046053 -7.951650 43.748011 0.938989 0.318479 0.129883 -0.343946 0.868935 0.355883 0.000481 -0.378843 0.925461
-23.373393 -8.669718 44.362198 0.936507 0.333848 0.107241 -0.349606 0.865405 0.358956 0.027029 -0.373657 0.927173
-23.747009 -9.412106 44.918320 0.932903 0.350308 0.083524 -0.355891 0.861317 0.362594 0.055079 -0.367990 0.928197
-24.044489 -10.162067 45.509137 0.929914 0.363040 0.058835 -0.358475 0.858970 0.365604 0.082192 -0.361072 0.928909
-24.409269 -10.910963 46.062391 0.923689 0.381539 0.035017 -0.366620 0.853607 0.370062 0.111302 -0.354660 0.928347
-24.799245 -11.694143 46.546692 0.915983 0.401152 0.007156 -0.374421 0.848264 0.374508 0.144165 -0.345723 0.927196
-25.239961 -12.499749 46.942631 0.907793 0.418640 -0.025524 -0.378662 0.844231 0.379326 0.180349 -0.334685 0.924911
-25.683280 -13.301113 47.344232 0.898113 0.435684 -0.059775 -0.381875 0.840058 0.385324 0.218093 -0.323238 0.920843
-25.913053 -14.045368 47.971361 0.886971 0.454924 -0.079547 -0.392141 0.832862 0.390596 0.243943 -0.315254 0.917119
-26.521682 -14.799928 48.216737 0.862664 0.477382 -0.167088 -0.380249 0.829977 0.408104 0.333500 -0.288522 0.897515
-26.736963 -15.596218 48.782048 0.845136 0.498785 -0.192247 -0.391108 0.822134 0.413678 0.364389 -0.274425 0.889894
-27.119834 -16.353866 49.310612 0.823246 0.519460 -0.228968 -0.395860 0.814398 0.424324 0.406891 -0.258684 0.876083
-26.387133 -15.912054 49.828252 0.814705 0.543200 -0.202951 -0.424214 0.796926 0.430060 0.395345 -0.264277 0.879693
-26.396075 -16.627872 50.526481 0.804706 0.558697 -0.200764 -0.439137 0.787738 0.432004 0.399509 -0.259473 0.879242
-27.066670 -17.228272 51.001476 0.727279 0.661678 -0.182340 -0.606222 0.743861 0.281364 0.321808 -0.094091 0.942118
-27.434384 -18.066340 51.404501 0.700173 0.683179 -0.207424 -0.620155 0.725896 0.297461 0.353787 -0.079640 0.931929
-26.809224 -17.534469 51.975718 0.689228 0.700952 -0.183388 -0.642522 0.708278 0.292416 0.334859 -0.083711 0.938542
