0.0 0.0 0.0 1.0 0.0 0.0 0.0 1.0 0.0 0.0 0.0 1.0 
-0.07643751408896511 0.01497855450158127 -0.9969618595236942 0.999976782328459 0.00043032652630757106 -0.006800707544261209 -0.00039118913877170735 0.9999833622865683 0.005755182109007733 0.00680307100356306 -0.005752388124152489 0.9999603133403792 
-0.019840072458453088 0.05569197342867276 -1.1766599864061542 0.9999729648420507 -0.004115456470357734 -0.006093652684509559 0.004158292638863708 0.9999666170341002 0.007033734406899922 0.006064502232534159 -0.007058883439881025 0.9999566960510109 
-0.019840072458453088 0.05569197342867276 -1.1766599864061542 0.9999729648420507 -0.004115456470357734 -0.006093652684509559 0.004158292638863708 0.9999666170341002 0.007033734406899922 0.006064502232534159 -0.007058883439881025 0.9999566960510109 
-0.08696873634916036 0.09493808537614196 -0.9916769629485918 0.9999901916095058 -0.0007951389523793585 -0.004357113589322087 0.0008447220038484251 0.9999347773892684 0.011389794212813512 0.004347772937960334 -0.011393363046986515 0.9999256413098724 
-0.09717734872830722 0.06289658086896478 -1.2420501971496551 0.9999883783017125 0.0038562971190479675 -0.00289348130124929 -0.0038211525115117197 0.9999200357994302 0.012054907728804787 0.0029397372322751258 -0.012043711196963007 0.9999231505298841 
-0.056071829021201815 0.0683872346765602 -1.5345273944104112 0.9999619849672194 0.008706866973100472 -0.000468068297491683 -0.008700393213329737 0.9998852332136863 0.012402562603979435 0.0005760020415158544 -0.012398018741916608 0.9999229757100909 
0.007089779697740956 0.07663516181063766 -1.7692530585258457 0.9999870893902961 0.0038767809825828417 0.0032850604160445 -0.0039183374106412545 0.9999111712330719 0.012739555535519004 -0.0032353801415517824 -0.012752263035214092 0.9999134523061585 
-0.0062440969143520405 0.061976696383996804 -1.749675080416385 0.9999983070186749 -0.00035785507070865185 0.001804965244084354 0.0003347711818169509 0.9999183628927353 0.012773232878485858 -0.0018093888580980233 -0.012772607003293234 0.9999167898491852 
-0.004587206363536226 0.0768102056393562 -1.7359114853989308 0.9999973023406402 -0.0010822807684958114 0.0020552322935419097 0.0010488990148937315 0.9998686336334537 0.016174525860961943 -0.002072467683421959 -0.016172326496472787 0.9998670715317075 
0.025805029011729465 0.13476841945363693 -1.8941187400281936 0.9999538082352958 -0.00922158089442472 0.0027099523126531727 0.009168313096618747 0.9997764575771534 0.019051952903596524 -0.0028850356482446548 -0.01902622716899154 0.9998148224791541 
0.015514725427929832 0.1329205560673491 -1.7483677378006186 0.9998802239143888 -0.01541107690571459 0.0014270716582845888 0.015379246383936652 0.9996790805593669 0.020129944675555823 -0.0017368378087490096 -0.020105586302938724 0.9997963536610049 
0.00642489268716115 0.12441682444193362 -1.7292748269495954 0.9998022507198041 -0.019885242312263737 -0.00019129505104222437 0.019885306841394747 0.9996237471345746 0.018892822352827122 -0.0001844652747174402 -0.0188928902715932 0.9998214964031069 
0.0020282143039763467 0.07587369591207371 -1.5192541661932923 0.9998102890440507 -0.019413037234289256 -0.0015874214915926861 0.019437573078866968 0.9996619485601083 0.017267581006355556 0.0012516686684492287 -0.017295160778305705 0.9998496440661451 
0.0015118687479165063 0.07662891345226046 -1.4803575419456099 0.9995357081679331 -0.030413511865660464 0.001840215537855324 0.030374880395395876 0.9993715789786507 0.018270571164686403 -0.0023947313406370812 -0.018206191960863344 0.9998313857026545 
-0.03216489371646822 0.07192907910745125 -1.4361597536657071 0.9995004202433787 -0.03154197230857896 0.0020034760278296137 0.03149488373934176 0.9992977315778393 0.020300639438940758 -0.0026423912569102322 -0.020227398405859544 0.9997919134110738 
-0.07064998190468025 0.045869803549189445 -1.2463585980831786 0.9995674460242594 -0.029394229180181274 0.0009487567877495464 0.029371719548347525 0.9993979902070929 0.01846508220389864 -0.0014909524850044847 -0.018429228440889598 0.9998290556889018 
-0.07135478862923518 0.04624313326235867 -1.3309543415609029 0.9995063747447784 -0.031406989763548075 0.000779640008522432 0.031388846543795194 0.9993578931052121 0.017278362218729044 -0.0013218007416320027 -0.0172453611821821 0.9998504139922609 
-0.062286647392196484 -0.11474026072233734 -1.091164212244622 0.9997008364094621 -0.02440658733652559 0.0015988048056492093 0.024388136146104803 0.9996453990554041 0.01069088222182907 -0.001859165818606465 -0.01064869202984635 0.9999415727233829 
-0.04081351895328884 -0.1853311291262683 -0.966775229561055 0.9997041247213568 -0.02430550129059419 0.000951641801756478 0.024297831070740666 0.9996775347448643 0.0073784775996360375 -0.001130672527160646 -0.007353171658781348 0.9999723258401668 
-0.0328849894022847 -0.19720679054262658 -0.9881729293387015 0.9992543556222883 -0.03857147736774918 0.0017245009581562498 0.03856051751802458 0.9992383035052387 0.00599160218260802 -0.0019542923598042158 -0.005920636928720244 0.999980563210971 
-0.020472965273589005 -0.1888478307359453 -0.931685516615983 0.9993477165903221 -0.0359864079918694 0.0030198982684989167 0.03596507952619694 0.9993296224712938 0.006842419605353486 -0.003264107900130554 -0.006729345527175271 0.9999720303630458 
-0.03954074071525586 -0.18875184797871838 -0.9303410391099316 0.9994258313976231 -0.03382803238420102 0.0019161837550782635 0.03381471991620826 0.9994063317299885 0.0065991525968635625 -0.002138282525338346 -0.00653056835365419 0.9999763894336806 
-0.03916769983483487 -0.18691619640682827 -0.8584027495945364 0.9991910466711872 -0.0401340045367083 0.0025522405813239242 0.04011998977662264 0.9991806861586691 0.005323798250780715 -0.0027638148384385905 -0.005217095680433621 0.9999825714682231 
-0.06022597643079693 -0.21405210475081787 -0.8242406813029218 0.9992431626781635 -0.03886650102286332 0.0015801706176850935 0.03886196602063759 0.9992406488384498 0.002805941183412975 -0.0016880278291663208 -0.002742409005551202 0.9999948148640043 
-0.04941723159597842 -0.19414575581966223 -0.8701299321213267 0.9995614144501804 -0.029501624339829623 0.0025754424214671666 0.02949078931754751 0.9995564442143335 0.004148273740474901 -0.0026966808826307392 -0.004070502537704674 0.9999880793896034 
0.02634368532679704 -0.03151401131708999 -0.5752621363141507 0.9995061282228419 -0.03122060612740046 0.003573989090853459 0.031189273442240654 0.9994772645482995 0.008510397945663276 -0.0038378206223006915 -0.008394724777271306 0.999957398956968 
-0.041128365714269755 -0.04973471352302093 -0.6580393350900741 0.9993287500005463 -0.036605137060410284 0.0014537410822433804 0.03659325070416691 0.9993020996126875 0.00749984750354569 -0.0017272594615784845 -0.007441616119031555 0.9999708190363804 
-0.05053222073787225 -0.04126574996935918 -0.7084425652237684 0.9996924896555157 -0.02479523339010103 0.00035003926483501125 0.024790698747532928 0.999646008141309 0.009658139715032016 -0.0005893911821334637 -0.009646492019196838 0.999953297814332 
-0.028115743009798567 0.15121493717164528 -0.786562157901817 0.9994984944740352 -0.03164495962363398 0.0011645061423662722 0.03162588935699631 0.9994043645249691 0.013810115525289152 -0.00160083306939249 -0.013766361133624989 0.9999039577052501 
0.09337330636980443 0.10543693419548292 -0.7938910590056062 0.9997217802153773 -0.023107807689775075 0.0047319538004061785 0.023053780378078145 0.9996718189127791 0.01117039309492003 -0.0049885241581198855 -0.011058195846885235 0.9999264127581268 
0.09221142979447619 0.09991057732950553 -0.743892463541989 0.9997208608767311 -0.023015879749009864 0.00533569182644631 0.022964603300004792 0.9996913304658168 0.009480020398631002 -0.005552235870448722 -0.009354842107922954 0.9999408280523276 
0.07985372852343721 0.10249529373808525 -0.7967880340888669 0.9997687296928408 -0.020751611917664697 0.005644265335896874 0.020696357264305895 0.9997389661445912 0.009677828688910881 -0.005843622536713254 -0.00955877476261108 0.9999372389808703 
0.07135764661646209 0.09753399121437427 -0.9734820105859547 0.9995112899816858 -0.0304653088854457 0.007003295914108775 0.030401792767249372 0.9994972052673603 0.009003758063901704 -0.007274076964358659 -0.00878644508606492 0.9999349409771948 
0.040550790821646254 0.15072028605763677 -0.8102551326626468 0.9989880428277483 -0.04412858863514384 0.008692407736355 0.044047595305614806 0.9989861577295472 0.009298710262658258 -0.009093933965978108 -0.00890642070791291 0.9999189847358615 
0.032176818817494374 0.14320823179842404 -0.5577558822272163 0.9990743293269322 -0.04207521017938331 0.008953276958825744 0.04202286786874455 0.9990988951583403 0.005956195889148441 -0.009195817311514923 -0.005574440038657802 0.9999421796095156 
0.03933179935549001 0.1478163267437133 -0.6197640972289725 0.9989288334782428 -0.044788054725043075 0.011628232872787213 0.04468929647768491 0.9989637581513691 0.008618391985906729 -0.012002184223165457 -0.00808950270657651 0.9998952482734547 
0.13985587786486575 0.2325418876999752 -0.10815654223959115 0.9995253940306433 -0.027901947643966522 0.013056339669313964 0.027775635635528394 0.9995665562036093 0.009757755085014658 -0.013322940851385455 -0.009390475862815231 0.9998671502805462 
0.14028007373933485 0.23183814039886258 -0.08815003563931907 0.9995973801149688 -0.024900120386749863 0.013603737428217369 0.024773452550804504 0.9996488797601307 0.009401768079918948 -0.013833066037706756 -0.009060971197443951 0.9998632631940007 
0.14650855454634115 0.23202310099522938 0.031942893888136835 0.9988030596602244 -0.04556815658373972 0.017776139033378303 0.045359576060940765 0.9988990584590933 0.011965779084897743 -0.01830182703846659 -0.011145138630659789 0.9997703881451768 
0.07980578818732495 0.4364127163116665 0.009108134851640205 0.9987906967087573 -0.046492973480077006 0.01598585577990965 0.04618960546522972 0.9987548237740433 0.018849995624561265 -0.01684234291901325 -0.01808881989131446 0.999694518380459 
0.06595802895568376 0.4857377603025717 0.014596914108080436 0.9987747428760233 -0.046967196761403915 0.015591517607629527 0.04663213407148972 0.998687143398626 0.0211998509954881 -0.016566745753830457 -0.020446809987571653 0.9996536754778927 
0.10988005248479173 0.5394462833590234 -0.3037348121440749 0.9983792585780915 -0.05405853508598298 0.017791313201047772 0.05368966284029366 0.998345237116504 0.020596301388525244 -0.018875278677567116 -0.019607710502476415 0.9996295621597509 
0.1378216058916498 0.5293958031040185 -0.16439390365367784 0.998313748261606 -0.05485875085450732 0.018978342565825434 0.05450604376660282 0.9983396608379921 0.01862827932998459 -0.01996875621504521 -0.01756243299107062 0.9996463423244534 
0.07572081264042484 0.5171915888063467 0.031417691984723696 0.9987495891972339 -0.047817143302797425 0.014586942267534528 0.047557806580823724 0.9987127879541651 0.017635821785215246 -0.015411460397302068 -0.016920046784174327 0.9997380651476885 
0.0726012793608486 0.4898374390511019 0.03151785082020144 0.9984887807359283 -0.053058338394628576 0.01431668506605294 0.05282149409258756 0.9984685800339768 0.016443370906260874 -0.01516721814658829 -0.015662292671739114 0.9997622957893334 
0.05453325605732426 0.4660086692433939 -0.02197024521588576 0.9984618631803317 -0.0537780512363946 0.013484397638615583 0.053563844326549585 0.998439842065362 0.015773279857287145 -0.014311616100977066 -0.015026742218819618 0.9997846641466688 
0.05198120235877599 0.45661087663769906 -0.14061171126993818 0.9980092865929447 -0.06177334015370221 0.01270898581699316 0.061567856587099117 0.9979751267071484 0.015970144304971488 -0.013669780887487815 -0.015155887308442861 0.999791696389994 
0.04149077338823858 0.5144143663436377 -0.15054925001903272 0.9982344972514692 -0.05829954516278236 0.011360084987330973 0.05803796538773314 0.9980689337916835 0.022135897849071863 -0.012628660687459013 -0.02143750064128172 0.999690427330129 
0.051682704108132256 0.5069214526546122 -0.06127425563013783 0.998147782518558 -0.059909661874369795 0.010575285688069183 0.05968026543382169 0.9980004605013196 0.02081698241587054 -0.011801278364405551 -0.020147288980226535 0.9997273711246046 
0.14431319373596352 0.5891034249155486 0.5192684369025984 0.9985621952995402 -0.05205328110211269 0.012806172147352716 0.05171239052157497 0.99833261920067 0.025647808999489752 -0.014119871993305002 -0.024948694683983388 0.9995890114684425 
0.21712229407150677 0.5177541350631877 0.051886121269942374 0.9988067741194104 -0.045026286949408884 0.01891193952841904 0.04461390408607101 0.9987688338916968 0.021689075794489934 -0.019865234339819522 -0.02081946037172345 0.9995858755176837 
0.21006168105714368 0.4772274213784534 -0.02882502944269475 0.9990837607634748 -0.03923786254068825 0.01708885958599518 0.03886767309592221 0.9990134419885267 0.021481310815332683 -0.017914881155629538 -0.020797424587541077 0.999623191089375 
0.20337719254042658 0.48526143565180846 -0.08762241813820248 0.9994279554396893 -0.0293844093665701 0.016742711005697748 0.029007149706471586 0.9993293764918865 0.022346868824149983 -0.01738813249169762 -0.021848427094764707 0.9996100735196379 
0.20020330106438508 0.45051288143970186 -0.045805720731325744 0.9994268292774747 -0.030614647416948297 0.014448400738812015 0.030344935050192194 0.9993676885800374 0.018531269222392056 -0.015006593123456771 -0.018082211859424126 0.9997238797673575 
0.19286892501398975 0.4413404109434359 -0.04543797037874081 0.9993217026917016 -0.03452757590424995 0.01280550785930378 0.03427768153592036 0.9992270161167357 0.01924605962182858 -0.013460129192561914 -0.018794061951084812 0.9997327683723778 
0.1997616992640751 0.4318180854943206 -0.040069955048707376 0.9990611558746091 -0.040400984492082036 0.015638646826392908 0.04013916620251178 0.9990543887847765 0.016708548304498843 -0.016298900547498222 -0.016065139337932372 0.9997380942721926 
0.198204913257038 0.43145746350448955 -0.02788951344224958 0.9991242917271898 -0.03849575824550063 0.016392872772805107 0.03824308416772957 0.9991488971429859 0.015457938132066008 -0.016973985801259445 -0.014817487474561877 0.9997461307106719 
-0.14286202828108507 0.15150555022143508 -1.9844385640322137 0.9922636518618699 0.12344283253859686 0.013217877613057583 -0.1234415042466569 0.9923514244849292 -0.0009194302880254082 -0.013230276757060781 -0.000719317440275536 0.999912217326777 
-0.15134072218664577 -0.10593408279690479 -1.8341870520286554 0.993081413148939 0.11670218436979318 0.013034838757153262 -0.11658852914723783 0.9931380087370771 -0.00916572272310454 -0.01401505367060222 0.007582596196024079 0.999873033192484 
0.13693293702438636 -0.0795502024138548 -2.4056013038491564 0.9994503788727112 0.0019036453668837146 0.03309556323000462 -0.0018790317962003133 0.9999979344612293 -0.0007747985440199972 -0.03309696981149422 0.0007121850827484747 0.9994518914793773 
0.23721955518808424 -0.08197524561377834 -2.079640151708965 0.9991488386831248 0.009049432249697292 0.04024557036645545 -0.00906612170131556 0.9999588749154186 0.00023219644084095703 -0.04024181401801009 -0.0005968700430937411 0.9991897918567281 
0.14301396202444394 -0.12612004167174695 -1.6998521102663666 0.9989659440243865 0.026180306645016384 0.03717034064195712 -0.026181855801330808 0.9996570973349462 -0.0004451681346825485 -0.037169249471364615 -0.0005284806928613401 0.9993088449532971 
0.11073080623300013 -0.14073554674080935 -1.952933933088758 0.9989206772737224 0.02811339449283427 0.03697455293979968 -0.02808204284706108 0.9996046868274295 -0.0013670925983050451 -0.03699837002549706 0.000327296084288386 0.9993152723203672 
0.06515431030214217 -0.1901378642038033 -1.7661496992085113 0.9988993242993706 0.03262567326199428 0.03370022786959488 -0.03254130572365582 0.9994657405771756 -0.0030490710581142673 -0.03378170120139885 0.0019490656016297962 0.9994273349309694 
-0.20771877898674318 -0.29089880845878957 -0.7729433061630715 0.9990607191379826 0.032581512979695505 0.028567892597301935 -0.03253951028224237 0.9994685786432528 -0.0019340567281932101 -0.02861572550345156 0.0010026548708104606 0.9995899834117593 
-0.2956247616195855 -0.3150806732836525 -0.8547920277369153 0.9989940058186411 0.03503163352330734 0.027995731658836436 -0.034978281727102996 0.9993852069457054 -0.002393312664285027 -0.028062361729624615 0.0014116624165514057 0.9996051775893207 
-0.2703507819091695 -0.349056310135799 -0.7012515288954795 0.9990572908805413 0.027090978956076928 0.03392061906326208 -0.026953474675682036 0.9996265400066929 -0.0045045218564017464 -0.03402998297591272 0.0035859968556638234 0.9994143789666078 
-0.28006380765274985 -0.3725032314784065 -0.725070776668871 0.999291967402691 0.02216749108972589 0.030400102355847246 -0.021898281911839283 0.9997182392236592 -0.009160098954492775 -0.030594593211361355 0.008487903294301272 0.9994958360913255 
-0.2439513173576693 -0.3624567031029074 -0.7625078423841634 0.9992624339404999 0.013702738255215846 0.0358723163402805 -0.013431922124739626 0.9998795234040543 -0.0077795980176439475 -0.035974596361085714 0.0072920258906728885 0.9993261003171421 
0.07221574865584848 -0.2651711815736329 -1.1292436540598842 0.9985418098489119 0.02886103223513069 0.04562121000129292 -0.028643440527475073 0.9995750187066874 -0.0054162064468135426 -0.0457581391493177 0.004101560172453047 0.9989441275195242 
0.07221574865584848 -0.2651711815736329 -1.1292436540598842 0.9985418098489119 0.02886103223513069 0.04562121000129292 -0.028643440527475073 0.9995750187066874 -0.0054162064468135426 -0.0457581391493177 0.004101560172453047 0.9989441275195242 
0.7272660447093261 0.400406146023292 0.5574576382467341 0.9996375270293667 -0.008305312686444966 0.025609301743541202 0.00802057433507325 0.9999050961665686 0.01120129668657266 -0.025699901594109675 -0.010991835210984291 0.9996092709737878 
1.0099141054010263 0.49065846353076803 0.4019008518557008 0.9993661371104241 -0.0063593292045955605 0.03502688865795428 0.005985248855330238 0.999924042456702 0.010774326576976957 -0.03509274559120326 -0.01055785248595385 0.9993282898816365 
-1.2575908387796442 1.19497247965828 -1.9871847372586766 0.9995587158885704 0.012793346953278436 -0.026808650934449993 -0.012415018669418122 0.9998216511024738 0.01423141940078634 0.026985937127143547 -0.013892309399668571 0.9995392753348483 
-1.2575908387796442 1.19497247965828 -1.9871847372586766 0.9995587158885704 0.012793346953278436 -0.026808650934449993 -0.012415018669418122 0.9998216511024738 0.01423141940078634 0.026985937127143547 -0.013892309399668571 0.9995392753348483 
0.748333791113381 0.5545369619855064 0.36398529485373365 0.99874772609719 -0.0165789599058494 0.04720294168939737 0.015533410054919261 0.999627702685983 0.022431433186700683 -0.047557257992425744 -0.02167012023925821 0.9986334227838853 
0.9796352081616555 0.705381473745575 0.43746132537901766 0.9981804486110377 -0.01829238309087466 0.05745590249508057 0.016547847724162495 0.999391855117893 0.030693462817258252 -0.05798241756227015 -0.029686842959014144 0.9978761098496954 
0.8762803194955114 0.7954996795473565 0.38525425036359573 0.9983868406281242 -0.019985479254235577 0.05314411613312584 0.01816360727529437 0.9992380203741585 0.03454651949880984 -0.05379405014814855 -0.03352550160267992 0.9979890985932398 
1.0108993804844693 0.784361046099006 0.7612962378691067 0.9982521077794866 -0.015745509141950484 0.05696321844552927 0.013718663404262917 0.9992648304917242 0.03579939687685142 -0.05748502055503563 -0.034955364169273584 0.9977342306083222 
1.0140033474960568 0.6318031318695412 0.7119406528009745 0.9982740690289381 -0.014179637416216882 0.05698965684360229 0.012541633166601649 0.9995007944307888 0.028997747666612197 -0.05737238483731804 -0.028232956185400383 0.9979535608649893 
0.7042339587351619 0.7112880049968238 0.9128867312330209 0.9989676626423591 -0.006703973042223374 0.044929564212340796 0.005144469793456374 0.9993832773674671 0.034736138944975375 -0.04513472527229923 -0.034469140745158736 0.998386065062451 
0.6329609373926051 0.7504902805553257 0.6338803638537629 0.9990811879812876 -0.005217306912255257 0.04253891783393467 0.0036853995256036737 0.9993445937161196 0.03601112106975514 -0.04269891863075213 -0.035821260711304065 0.9984456117529973 
0.35234751117452695 0.6872708622485395 0.5516585982281696 0.9994553765767608 -0.0016927994349570001 0.032955798607808014 0.0006118399727305337 0.9994623131458771 0.032782773722499416 -0.03299357336896324 -0.032744755781129876 0.998919018281853 
0.38056633055222333 0.6537726903431476 0.5498354835594222 0.9994112903760702 0.004500971086377566 0.03401196742498105 -0.005502670138280917 0.9995521272992601 0.029415394487802084 -0.03386433655318897 -0.02958523399946904 0.9989884487014898 
0.39220433888064976 0.6597454418857729 0.5785966381335169 0.9992632702400827 0.011436722830441396 0.03663493032605961 -0.012525101313866721 0.9994828040818302 0.02961834198261688 -0.03627724612168013 -0.030055377482599215 0.9988897014676873 
0.39093181355186896 0.6499703137065799 0.6678093416515768 0.9990815736518021 0.015240788876347484 0.040046567192025984 -0.01648195115193696 0.9993881915159147 0.0308478191250942 -0.039551921263878104 -0.03147953323948699 0.9987215250065256 
-0.14791674836868682 0.5484025054373389 0.5821201557523431 0.9996225796913324 0.01998069532179803 0.018853911681751705 -0.020465314149847192 0.9994557843409835 0.025870950197036856 -0.018326731514208397 -0.026247037200548475 0.9994874806370508 
-0.12187896503881314 0.5531107002890816 0.4725362783138114 0.99957512293586 0.022810322111250943 0.01814560037423145 -0.023303836026110598 0.9993510205199884 0.02746759931493417 -0.017507279463939623 -0.02787879105769471 0.999457987198528 
-0.09943755909707166 0.6214641962672954 0.5656196548837836 0.9996306836448069 0.019158574782808396 0.019272916958977603 -0.01972787501569905 0.9993613084442454 0.029795740164840826 -0.018689763593503942 -0.030164949807637505 0.9993701859370839 
-0.10487943170244274 0.6245585071873222 0.5997319514031794 0.9996492489168096 0.018152702635226947 0.019283633659021405 -0.018742023439213967 0.9993488268438155 0.03083275601196905 -0.01871137882311918 -0.031183355703430702 0.9993385225385896 
-0.108962609027621 0.6460596936608305 0.45773984284987707 0.9996419910200344 0.017625669930449693 0.020130214827574065 -0.018266657965535824 0.9993172439705564 0.032115029345488516 -0.01955042189497628 -0.03247124362561901 0.9992814415074135 
-0.0724990213817377 0.6420013408027643 0.39982213360183727 0.9995970388962222 0.015181455906083477 0.023985062569776158 -0.015984595935960792 0.999305643608021 0.03365595557881265 -0.02345746198267195 -0.03402578507148053 0.9991456317412396 
-0.09224482541318553 0.6534661966020671 0.5129884185277664 0.9997688422725812 0.0061773150494084635 0.020593756328630128 -0.0069216428533685785 0.9993180478133517 0.03627023813986006 -0.020355659683563523 -0.036404396620354794 0.9991298048930153 
-0.10574956933085711 0.6986306842956679 0.5746347566878782 0.9998152436508453 0.0011624970192110058 0.01918664024995648 -0.0019031361099142385 0.9992518163545665 0.03862881806432614 -0.019127379233655224 -0.03865819593281604 0.9990694106271455 
-0.09855266573374008 0.6989669442308919 0.6202183231565579 0.999768821438621 0.002719032437167437 0.021328631972923087 -0.0035676686884749923 0.9991992239654299 0.03985200831842712 -0.021203193612284937 -0.039918888880933805 0.9989779311331916 
-0.11634252546434762 0.6859402029952367 0.5679019894345779 0.9997626210544396 -0.0021771313631483487 0.021678598695131463 0.0013450890824677165 0.9992645492007238 0.0383216837578216 -0.021746086491991747 -0.03828342735051105 0.9990302732713263 
-0.14571772634803015 0.6986006457240883 0.627614715143107 0.9997897887195762 0.00038384694969241653 0.020499537399278685 -0.0011923141710502442 0.9992212026427783 0.03944067159719074 -0.020468433232241456 -0.039456822612054646 0.9990116127405018 
-0.14156554759121845 0.7094764095202605 0.7197798668693205 0.9997779351414277 -0.004202544101503385 0.020649915917942727 0.003387288719852555 0.9992194554623663 0.039357414811194716 -0.02079919901033559 -0.03927872768518614 0.9990117991655362 
-0.17906538297827512 0.7281057055695838 0.747356857467821 0.999813567581314 0.0015983386903232989 0.019242541249957588 -0.0023870180944649006 0.9991549278667672 0.04103330676623518 -0.019160694792778283 -0.041071589121755195 0.9989724682602978 
-0.194234531249416 0.730458287182276 0.8075083986298871 0.9998156239569336 5.774529982477655e-05 0.019201946700474856 -0.0008343580166866366 0.9991816636452 0.04043892780366714 -0.01918389789139631 -0.040447493132338384 0.9989974866640065 
-0.19181186411308382 0.7342310156286808 0.8832710976013862 0.999799804537099 0.001125625218384255 0.019977082255583523 -0.0019433711687982056 0.999158809969529 0.04096212602850306 -0.019914169731095912 -0.04099274848241359 0.9989609704166518 
-0.21298941340752825 0.7429227865140684 0.8562426270766716 0.9997740653360957 0.0006964887062965777 0.021244603663477045 -0.0015762348640431512 0.9991405076985416 0.041421749836938 -0.021197494309224282 -0.04144587771277741 0.9989158650535228 
-0.19944827372997762 0.7418973997330125 0.9230783862080189 0.9997678928347213 -0.004073210117358602 0.021155836456191197 0.0032151066793374597 0.9991768821352456 0.040437869572098245 -0.021303134648725772 -0.04036046538172469 0.9989580618265759 
-0.16343057434110245 0.7245002230466581 0.947532142538734 0.9997022492015157 -0.007369860322182805 0.02326151543347992 0.00642849478664761 0.99916745696263 0.04028731067729785 -0.023539061073215167 -0.04012577856768125 0.9989173311631593 
-0.21852101251847036 0.7322469745807872 0.785918377780986 0.9997177268541521 -0.006132473106572007 0.022953417766513752 0.005143463777004565 0.9990660709566352 0.0429014060800611 -0.02319507262203721 -0.04277123609236508 0.9988156035871635 
-0.22696530424973024 0.7270741759988015 0.7215494788802834 0.9997506010184233 -0.004977323724083656 0.021770668612772177 0.004043403839347393 0.9990783169801302 0.04273368022464971 -0.021963302317580122 -0.04263499488326862 0.9988492731952155 
-0.2340484694181054 0.6832841579137063 0.6319042539762725 0.9997634242991861 -0.006935298790647317 0.02061545692556989 0.00610419567937043 0.9991767187400382 0.040107649183150136 -0.020876643137093115 -0.039972319904843324 0.9989826722284784 
-0.229749918895083 0.6770220239408317 0.7036145237426213 0.9998108814827992 -0.003449657309886075 0.01913899508941083 0.002705316294696839 0.9992440405650191 0.03878180835185524 -0.019258310734168508 -0.03872269695848586 0.9990643974278773 
-0.44136401753895643 0.7605697138675688 0.4895906770252209 0.9998835512591246 -0.00799474974300647 0.012998765248594122 0.0074523785271462546 0.9991210229587211 0.04125098224535956 -0.013317130912080486 -0.041149306901399174 0.9990642564749301 
-0.4410916662831133 0.7549848227316224 0.44871317019816215 0.9998854345827454 -0.006878101579175006 0.013483672642906829 0.0063268351674623715 0.9991591494402293 0.04050882924303475 -0.013750958731604321 -0.040418879357846334 0.9990881969703264 
-0.46218097014438014 0.7593783787660968 0.4123955614638455 0.9997763417250787 -0.017125870160273487 0.01240850909949258 0.016625508716521773 0.9990866504466436 0.03936314722202736 -0.013071303941672942 -0.03914804555223155 0.9991479227535354 
-0.482821579032024 0.7668724898399076 0.5422357815134958 0.9997366491598247 -0.0203145349900459 0.010674829966971368 0.019886431790915406 0.9990496358854348 0.03878601381690783 -0.01145260482644967 -0.03856351520956429 0.9991905189388913 
-0.4574619394525026 0.7859937281929141 0.559502389080805 0.9993702414198115 -0.03342830654387348 0.011902473949421982 0.03295103805109881 0.9987244177764996 0.038259200571196285 -0.013166231650053935 -0.03784290763935579 0.9991969599060719 
-0.45367372847636944 0.759874817504865 0.5185981597935582 0.999212383504171 -0.03652733462876478 0.015503756861859714 0.035891019292183864 0.9985744833583905 0.03950741600878788 -0.016924756603316528 -0.03891985367960142 0.9990989928948366 
-0.4302648564864259 0.7471837247910902 0.31112028378039375 0.9984885495837051 -0.05277256594510686 0.015351632935879288 0.05212666890287264 0.9978469004630637 0.039804191052537505 -0.017419148639325546 -0.038943799504233836 0.999089562422136 
-0.4326342056860224 0.7475664943830068 0.3470116065679442 0.9982231595914303 -0.057275435148485036 0.016433142847722456 0.05660209933305536 0.9976399289566064 0.03886868279924652 -0.01862058018411084 -0.037869468969199876 0.9991091918872521 
-0.4055943881017817 0.6097384557931038 0.2431413673701961 0.9987881174067396 -0.04461260934055519 0.020784889100689097 0.04391960203398515 0.9985002976158259 0.03268369958072925 -0.022211823074149144 -0.031731226716501235 0.9992496005337148 
-0.5447693789021417 0.7513591897590812 0.23551216775329564 0.998264817836191 -0.057264174191425654 0.013717427770921688 0.0567531180082627 0.997770129681677 0.035126228253966545 -0.01569831413931449 -0.03428677105216544 0.9992887371846036 
-0.24017382032023926 0.8315882219182325 0.36854375390714017 0.9976813545226805 -0.06326362221710269 0.025092408050271377 0.06223245332599164 0.9972621088620441 0.03994255851916257 -0.027550618701181393 -0.03828838377367428 0.998886862000488 
-0.10960663457446036 0.8900570703465904 -0.1492356181052321 0.9954699879027082 -0.09125243782478111 0.026692616507498865 0.09015122561522763 0.9951284713560834 0.03990090245316632 -0.030203637281861692 -0.03731377878933236 0.9988470464527622 
-0.18896217938866597 0.8384628718912983 -0.0907884112692171 0.9963045194866164 -0.08180635774608755 0.02617296855271649 0.08080933005212493 0.9960381175387841 0.037120352723566154 -0.029105955182214552 -0.03486815512920593 0.9989679950482981 
-0.21570131862162234 0.8444355643711895 0.021949225186432733 0.9959964566027335 -0.08589443519708628 0.024762965027894653 0.08495624382268491 0.9957073687274676 0.036732444750702864 -0.027811779345085098 -0.034481616319373284 0.9990182796454046 
-0.1071961212653863 0.7917680746724421 -0.1692791347804454 0.9955651886907861 -0.08912398790650755 0.030114279780863625 0.08808137644049671 0.9955212483866658 0.03433824595115632 -0.0330397668185922 -0.03153345509606089 0.9989564630244292 
