0.0 0.0 0.0 1.0 0.0 0.0 0.0 1.0 0.0 0.0 0.0 1.0
-0.24991134342774976 0.6464280266818592 -0.720884960826854 0.9996809678447427 -0.0005761114650833232 0.025251348965516146 0.0011915980143781812 0.999702391427561 -0.024366137736382465 -0.025229796336288524 0.024388453612232852 0.9993841407122852
-0.24846064805159068 0.6510733705179511 -0.715100281875829 0.9995824226753096 0.008265910213675523 0.027688535658247387 -0.007541230595437448 0.9996289176067104 -0.02617550239332668 -0.027894625282749733 0.02595576646481601 0.9992738303726155
-0.2327235292081623 0.6315123874823887 -0.7401677422042416 0.9997061654393363 -0.0064458556222081265 0.02336736458987364 0.00692990894142644 0.9997618497101516 -0.020693482698661506 -0.02322841244342735 0.020849335947073066 0.9995127543187852
-0.23035595970340633 0.6322484525781676 -0.7394432446384258 0.9997181550978884 -0.007161017046556691 0.02263471233599413 0.007652071440740564 0.9997356092764645 -0.02168311202945554 -0.02247345479315726 0.02185020319070377 0.9995086355055592
-0.23045143367004273 0.6326406593602296 -0.7389092400471848 0.9997140669799504 -0.006984123548601328 0.022869331006069964 0.007491638097013078 0.999725880100705 -0.02218197501337822 -0.022708140413312206 0.022346961205690265 0.999492347986637
-0.2305286371048806 0.6327574652231452 -0.7388050149808882 0.9997114606418069 -0.006997014595900319 0.02297906108111502 0.007510741769908275 0.9997220696878497 -0.022346635923733284 -0.022816314765768203 0.02251277783364127 0.9994861632932807
-0.23073807879544786 0.6330352159559283 -0.73850309424153 0.9997050821405876 -0.0070012343736076035 0.02325363325432573 0.0075298987807656485 0.9997133851403995 -0.022725496594676747 -0.023087861889579384 0.02289389194455708 0.9994712703950017
