0.0 0.0 0.0 1.0 0.0 0.0 0.0 1.0 0.0 0.0 0.0 1.0 
0.006504065040673587 -0.006504065040673488 4.858894397603965e-16 1.0 4.3664319754868977e-16 -2.2983351333216717e-14 1.941130780630425e-16 1.0 2.3105649338273082e-14 3.8637460706696335e-16 -5.088349461573402e-16 1.0000000000000002
0.006504065040673587 -0.006504065040673488 4.858894397603965e-16 1.0 4.3664319754868977e-16 -2.2983351333216717e-14 1.941130780630425e-16 1.0 2.3105649338273082e-14 3.8637460706696335e-16 -5.088349461573402e-16 1.0000000000000002
-0.04959411411502627 -0.03210565565751272 -0.05544981927933387 0.9987890942774531 -0.018831602876418562 0.04545014725531632 0.017198882478971906 0.9992019476338131 0.03605088468080456 -0.046092771601407664 -0.03522553871694554 0.9983158908022063
0.16900583373352165 -0.29364221427657006 0.03587243764654724 0.9832861769756264 0.09781617739779722 -0.15355874969515662 -0.055129318891406175 0.9637860185986725 0.260916209830453 0.17351960225642157 -0.2480897131946466 0.9530700088869501
0.16900583373352165 -0.29364221427657006 0.03587243764654724 0.9832861769756264 0.09781617739779722 -0.15355874969515662 -0.055129318891406175 0.9637860185986725 0.260916209830453 0.17351960225642157 -0.2480897131946466 0.9530700088869501
0.06347862091521946 0.09289853827009988 0.008326647909976882 0.9984984303702037 0.008971346367266824 -0.05404072068910565 -0.013152852919835105 0.9969036035508856 -0.07752552926183724 0.05317788081814402 0.07811990893246906 0.9955246821752205
0.06347862091521946 0.09289853827009988 0.008326647909976882 0.9984984303702037 0.008971346367266824 -0.05404072068910565 -0.013152852919835105 0.9969036035508856 -0.07752552926183724 0.05317788081814402 0.07811990893246906 0.9955246821752205
-0.005689407730506896 -0.01834774564669801 -0.04154900836906943 0.9999283142075406 0.01123237767620319 -0.004147304884549728 -0.011168892670733477 0.9998247240751287 0.015025876500309093 0.004315354281617771 -0.014978478555316397 0.9998785040681653
-0.005689407730506896 -0.01834774564669801 -0.04154900836906943 0.9999283142075406 0.01123237767620319 -0.004147304884549728 -0.011168892670733477 0.9998247240751287 0.015025876500309093 0.004315354281617771 -0.014978478555316397 0.9998785040681653
-0.016719547966719314 -0.011412197796508783 -0.01640061373039797 0.9999623078769562 0.0036679967161736982 0.007869474282497244 -0.0036427244492640977 0.999988170172787 -0.0032233636263039028 -0.007881204475174097 0.003194575804511744 0.9999638399969497
-0.016719547966719314 -0.011412197796508783 -0.01640061373039797 0.9999623078769562 0.0036679967161736982 0.007869474282497244 -0.0036427244492640977 0.999988170172787 -0.0032233636263039028 -0.007881204475174097 0.003194575804511744 0.9999638399969497
0.00720828954465769 -0.006856724281829452 0.002033584188802065 0.9999023919112984 -0.006773090060721247 -0.012220143251741457 0.006701486297847662 0.9999601925975498 -0.00589095082913364 0.012259556740089444 0.005808482702123149 0.9999079781646086
0.00720828954465769 -0.006856724281829452 0.002033584188802065 0.9999023919112984 -0.006773090060721247 -0.012220143251741457 0.006701486297847662 0.9999601925975498 -0.00589095082913364 0.012259556740089444 0.005808482702123149 0.9999079781646086
0.011165360307904838 0.004528455062977757 -0.0005333921368524595 0.9998455029175723 0.000259151344321249 -0.01757564041756765 -0.0005285191793646305 0.9998824518096852 -0.015323290460274131 0.017569603381520707 0.015330212119654386 0.9997281098545657
0.011165360307904838 0.004528455062977757 -0.0005333921368524595 0.9998455029175723 0.000259151344321249 -0.01757564041756765 -0.0005285191793646305 0.9998824518096852 -0.015323290460274131 0.017569603381520707 0.015330212119654386 0.9997281098545657
155.26480509627999 -54.86203940701955 -339.54905509403386 -0.5712774860988645 -0.48300582811953063 -0.6635867720515733 0.28323260074120427 -0.874854667253885 0.3929486027923659 -0.7703384501108985 0.03653328341260931 0.6365877719559307
155.26480509627999 -54.86203940701955 -339.54905509403386 -0.5712774860988645 -0.48300582811953063 -0.6635867720515733 0.28323260074120427 -0.874854667253885 0.3929486027923659 -0.7703384501108985 0.03653328341260931 0.6365877719559307
-0.04148903328879238 0.04293809890921048 -0.005561221398577907 0.9998162714965882 0.007430698799818985 0.017669407630337624 -0.006708829409010755 0.9991542455486663 -0.04056827837161792 -0.01795591430759043 0.04044228378099504 0.9990205237250914
-0.04148903328879238 0.04293809890921048 -0.005561221398577907 0.9998162714965882 0.007430698799818985 0.017669407630337624 -0.006708829409010755 0.9991542455486663 -0.04056827837161792 -0.01795591430759043 0.04044228378099504 0.9990205237250914
-0.04386791337476712 -0.014067374698746422 -0.012952426781352083 0.9996438784992205 0.01445306219202229 0.022432680898845203 -0.014659953779319985 0.9998512551937212 0.009085881505283954 -0.022298025343606122 -0.0094115078926501 0.9997070678878699
-0.0350437349476516 -0.02993347681685887 -0.02106660273074851 0.9997772494245418 0.018118819038405027 0.010824044057146018 -0.018343340939064725 0.999610831445926 0.02101683846770639 -0.010439031386615262 -0.021210706085323106 0.9997205272330218
-0.0646347399906798 -0.009803942393821232 -0.0235872473842751 0.9986259141847695 0.046250242187163046 0.024641400452532127 -0.046530223669844606 0.998857276265544 0.010912375388197358 -0.024108542134843407 -0.012043950722560523 0.9996367947645409
-0.06925146920000774 -0.008286557718645173 -0.026252515240500693 0.9983425799427817 0.052896286822027454 0.0226732422390889 -0.05316375249052025 0.9985211860925072 0.011360296894861895 -0.022038795210203802 -0.012546862749488893 0.9996783821513938
-0.08062196747246209 -0.012760166240372846 -0.04715903239472656 0.996500601488493 0.08140222843635989 0.01897968489376025 -0.0817819800336019 0.9964460811824158 0.020172135186684727 -0.01727017587794888 -0.02165374105786406 0.9996163546698021
-0.08802777534118002 -0.015869954169680563 -0.06216855233582917 0.9957862947335968 0.08990130751520534 0.018094477825866186 -0.09029736577984432 0.9956626756094482 0.022410313060188855 -0.016001279759921674 -0.02394976628886293 0.9995850977984584
-0.0927061997276002 -0.017511675150805244 -0.07252228591276431 0.9952040334436759 0.09663279508519021 0.015199826691851938 -0.09699691278030362 0.9949608679017878 0.0253864187157468 -0.012670072159576171 -0.026739002564506533 0.9995621516510749
-0.09472071964208964 -0.01718767460916747 -0.07890609108315132 0.9941298754785904 0.10766266071572685 0.010702437504257836 -0.1079201008895301 0.9937813975891227 0.027418709484653817 -0.007683912084082239 -0.028412766380985936 0.9995667422446906
-0.09589026730294657 -0.018583033341192566 -0.07918482896568768 0.9952181703618319 0.09679372282020417 0.01310605219939207 -0.0970786936446043 0.995006150576796 0.02320533461519934 -0.01079447182148194 -0.02436668908472776 0.9996448088401917
-0.09641024785260854 -0.01795616664784305 -0.07990116678005593 0.9948404418047272 0.1006738087033328 0.012541116016527581 -0.10094487997500097 0.9946197333297743 0.023274820683333235 -0.010130476622938171 -0.024420694342573972 0.9996504404696768
-0.09768013203290843 -0.017961914507680643 -0.08325530743725841 0.9938444646247367 0.11027271750463141 0.01063522020994527 -0.11052375446377616 0.9935081231790747 0.02694640748640462 -0.00759472408986589 -0.027955982389037983 0.9995803035347698
-0.09760119681618813 -0.018279549740746574 -0.08128521838003247 0.9941452807281289 0.10737510607062546 0.01207258888191165 -0.1076622649632387 0.9938373248625294 0.02638576155953241 -0.009165015492355159 -0.027531042595823448 0.9995789334437836
-0.09486722672936027 -0.017239674426672437 -0.0767670624955234 0.9932639074203121 0.11539756489449042 0.010498201396219702 -0.11566862995136186 0.9928180195982261 0.030547471355763946 -0.006897699711398839 -0.031556013333090355 0.9994781837344991
-0.09622723472624371 -0.018222884183611843 -0.08154330354153308 0.9935832299188744 0.11258075982914678 0.01085991437669508 -0.11285929284183854 0.9931627320471607 0.029842380800797663 -0.007425984326492161 -0.03087653136140227 0.9994956200843859
-0.09630491786548158 -0.01814022269920647 -0.07973609973954912 0.993152456323836 0.11618653904185375 0.012201911465294753 -0.11652180242224189 0.9926790443812314 0.03179598098246312 -0.008418316827200217 -0.03300004533089198 0.9994198962147771
-0.09715830446573427 -0.01735094114426723 -0.08170154834070187 0.9916768345330687 0.12824073802984087 0.011461629903053445 -0.12856468440122543 0.9911023786753096 0.03445572389250495 -0.006941021199085073 -0.035642504032474445 0.9993404995951124
-0.09676875414548017 -0.015035791836969696 -0.07822793607030644 0.9876698975749499 0.15624092118989658 0.00984621602548591 -0.1565293636054163 0.9866214662555628 0.04557017284372237 -0.002594562308247963 -0.04654950987342279 0.9989126144848571
-0.09838240062502916 -0.015879405442283435 -0.07968186046469142 0.9910106235513683 0.13258518361751453 0.01786373682738876 -0.13309984689804183 0.9905983881375635 0.03161114004554065 -0.013504620100027962 -0.03370463624445322 0.9993405939576272
-0.09975395267004203 -0.015680473234684626 -0.08173979505210573 0.9913791046007236 0.1291962173761604 0.02181303226879375 -0.12974290779292416 0.9912108293679524 0.025843173588646833 -0.018282473533532313 -0.02845046852668794 0.9994279974075709
-0.10037551735995114 -0.015027462887509106 -0.08266456178366265 0.990277839356735 0.1372993248704043 0.022331508437355374 -0.13787714446480343 0.9900867445634745 0.02679797145182591 -0.018430787101700874 -0.029616441883391856 0.9993914010321379
-0.10183081134485304 -0.014540939625167323 -0.08530595561328488 0.9909165338501087 0.13198091214098653 0.02579654575557677 -0.13246583201091958 0.9910225789717431 0.018084560206160203 -0.023178142551576655 -0.021337450612212098 0.9995036202581911
-0.10149991133342502 -0.013578493378051728 -0.08618281391678903 0.9891918953696907 0.14512192171475338 0.02095285118393469 -0.14555530686746596 0.9891294947665805 0.02089246815306924 -0.017693127977746984 -0.02371645885511141 0.9995621455426055
-0.10180176643487075 -0.013202622711178355 -0.08696295952033069 0.9880708248969887 0.1527569281212699 0.019528591816549652 -0.15318890662087709 0.9879302501449287 0.022956039224538326 -0.01578619256453024 -0.02567375624117987 0.9995457239990495
-0.10177506878673613 -0.014442594469584106 -0.08771924550502125 0.9899800094869279 0.13999925825809445 0.018433353016900633 -0.14035294675671078 0.9899087780609511 0.019536157620744708 -0.01551229038440878 -0.021927580921251664 0.9996392099362508
-0.10142860861028345 -0.013334102249848559 -0.08684701225897996 0.9891210202718247 0.1462238992984679 0.016067934851009574 -0.14648621804602008 0.989073791223553 0.016577799529536794 -0.013468302751223932 -0.018751180992651433 0.999733463495337
-0.10046320558311062 -0.011964051036022248 -0.08571062635604189 0.9872115032701932 0.15912586932502237 0.009612779127870228 -0.1592817309698803 0.987059336633229 0.01852555382191325 -0.006540488532517899 -0.01981977993636216 0.9997821754427462
0.5812699983765094 0.3047517249343305 2.1940555361440177 0.3840188820310255 0.7547922851172197 -0.5318064540518171 0.7784489064498503 -0.5744051293204357 -0.2531324701760044 -0.49653479061458927 -0.31677650439686844 -0.8081496445408034
0.6397158425100838 0.36472439678771384 2.393672687019285 0.4172925845713529 0.7016531234573176 -0.577537698513569 0.6707303955588404 -0.6665963448422323 -0.32522307654355814 -0.6131783063149261 -0.25165891080104014 -0.7487857886466547
