0.000000 0.000000 0.000000 1.000000 0.000000 0.000000 0.000000 1.000000 0.000000 0.000000 0.000000 1.000000
0.326972 -0.031829 0.944498 0.999958 0.001772 0.008975 -0.001705 0.999970 -0.007551 -0.008988 0.007536 0.999931
0.408125 -0.213194 1.924560 0.999839 0.000583 0.017910 -0.000261 0.999838 -0.017983 -0.017917 0.017975 0.999678
0.477827 -0.438173 2.896427 0.999758 0.003397 0.021731 -0.002710 0.999497 -0.031583 -0.021827 0.031516 0.999265
0.479889 -0.469301 3.895940 0.999793 0.004363 0.019888 -0.003531 0.999126 -0.041653 -0.020052 0.041574 0.998934
0.456350 -0.505113 4.895021 0.999856 0.005012 0.016204 -0.004202 0.998758 -0.049646 -0.016433 0.049570 0.998635
0.396156 -0.603223 5.888375 0.999910 0.006714 0.011591 -0.006039 0.998339 -0.057297 -0.011957 0.057222 0.998290
0.264147 -0.665843 6.877644 0.999975 0.004269 0.005631 -0.003921 0.998169 -0.060357 -0.005878 0.060333 0.998161
0.130442 -0.718154 7.867283 0.999944 0.003882 0.009820 -0.003384 0.998733 -0.050203 -0.010003 0.050167 0.998691
-0.061699 -0.772275 8.847157 0.999887 0.003360 0.014652 -0.002796 0.999260 -0.038375 -0.014770 0.038329 0.999156
-0.291467 -0.786080 9.820305 0.999821 0.002484 0.018776 -0.001979 0.999637 -0.026873 -0.018836 0.026831 0.999463
-0.449735 -0.836440 10.806416 0.999708 0.002413 0.024040 -0.002038 0.999876 -0.015628 -0.024074 0.015575 0.999589
-0.613910 -0.952798 11.785960 0.999548 0.003766 0.029823 -0.003658 0.999987 -0.003683 -0.029836 0.003572 0.999548
-0.875606 -1.092718 12.740914 0.999369 0.003402 0.035363 -0.003747 0.999946 0.009672 -0.035328 -0.009799 0.999328
-1.128846 -1.232900 13.698108 0.999116 0.004034 0.041843 -0.005032 0.999705 0.023763 -0.041735 -0.023952 0.998842
-1.179127 -1.448395 14.673317 0.998675 0.005233 0.051193 -0.007196 0.999243 0.038241 -0.050954 -0.038558 0.997956
-1.528806 -1.521241 15.607350 0.998329 0.006501 0.057419 -0.009636 0.998468 0.054490 -0.056977 -0.054952 0.996862
-1.755674 -1.561620 16.580438 0.997935 0.004024 0.064106 -0.008627 0.997390 0.071692 -0.063650 -0.072097 0.995365
-2.092966 -1.587460 17.521484 0.997524 0.004277 0.070195 -0.010571 0.995926 0.089551 -0.069526 -0.090071 0.993506
-2.369508 -1.632928 18.481409 0.997023 0.005352 0.076925 -0.013656 0.994075 0.107831 -0.075892 -0.108560 0.991189
-2.547977 -1.616769 19.465222 0.996449 0.002592 0.084157 -0.013328 0.991780 0.127262 -0.083135 -0.127931 0.988293
-2.810771 -1.636677 20.429869 0.995931 0.000716 0.090118 -0.013846 0.989311 0.145161 -0.089051 -0.145819 0.985295
-3.096341 -1.638771 21.388224 0.995412 -0.002748 0.095646 -0.012906 0.986597 0.162667 -0.094811 -0.163155 0.982034
-3.543932 -1.755322 22.274835 0.994954 -0.002927 0.100285 -0.015093 0.983833 0.178453 -0.099186 -0.179066 0.978825
-3.803512 -1.788538 23.239985 0.994366 -0.003996 0.105924 -0.016762 0.980789 0.194351 -0.104666 -0.195031 0.975196
-4.108591 -1.830014 24.191408 0.993837 -0.005802 0.110701 -0.017582 0.977738 0.209090 -0.109450 -0.209748 0.971610
-4.888403 -1.884301 24.815063 0.994123 -0.005882 0.108093 -0.018434 0.974741 0.222575 -0.106672 -0.223260 0.968905
-5.020036 -1.936405 25.804992 0.993538 -0.008037 0.113215 -0.019002 0.971635 0.235722 -0.111898 -0.236350 0.965203
-5.452338 -1.962043 26.706356 0.993394 -0.009912 0.114321 -0.018807 0.968727 0.247417 -0.113198 -0.247933 0.962141
-6.025993 -2.087832 27.515736 0.993563 -0.010060 0.112833 -0.019802 0.965290 0.260429 -0.111537 -0.260987 0.958877
-6.284574 -2.137284 28.480460 0.993276 -0.016153 0.114634 -0.015799 0.962039 0.272456 -0.114684 -0.272435 0.955315
-6.775891 -2.257276 29.343135 0.994177 -0.016546 0.106486 -0.014647 0.958227 0.285633 -0.106764 -0.285529 0.952405
-7.518050 -2.233538 30.012939 0.996255 -0.022554 0.083469 -0.003611 0.953681 0.300800 -0.086387 -0.299975 0.950028
-7.956123 -2.250219 30.911723 0.997163 -0.028553 0.069652 0.005288 0.949556 0.313553 -0.075092 -0.312295 0.947013
-7.167595 -2.721436 31.306915 0.992953 -0.026118 0.115594 -0.009733 0.954144 0.299189 -0.118107 -0.298205 0.947166
-7.895530 -2.851600 31.980092 0.995593 -0.032157 0.088095 0.003728 0.952199 0.305455 -0.093707 -0.303780 0.948123
-8.591570 -2.779433 32.694459 0.996996 -0.041791 0.065217 0.019306 0.949465 0.313279 -0.075014 -0.311078 0.947419
-8.958340 -2.758083 33.624526 0.997289 -0.053352 0.050685 0.034395 0.946834 0.319878 -0.065056 -0.317267 0.946102
-8.866597 -2.989484 34.593048 0.997381 -0.057006 0.044508 0.039716 0.946020 0.321666 -0.060443 -0.319056 0.945806
-9.542620 -3.079853 35.324367 0.997747 -0.063457 0.021776 0.053021 0.944704 0.323610 -0.041107 -0.321727 0.945940
-10.470326 -3.018565 35.692614 0.997237 -0.072984 -0.013835 0.073505 0.942629 0.325649 -0.010726 -0.325766 0.945389
-11.213229 -2.876775 36.346824 0.995428 -0.085912 -0.041750 0.094904 0.939070 0.330365 0.010824 -0.332817 0.942929
-10.643202 -3.209118 37.098234 0.994578 -0.099210 -0.031178 0.103931 0.937816 0.331208 -0.003620 -0.332652 0.943043
-11.439027 -3.334218 37.690697 0.992687 -0.105493 -0.058684 0.118969 0.937355 0.327433 0.020466 -0.332020 0.943050
-12.377260 -3.308583 38.035751 0.987181 -0.117785 -0.107701 0.146687 0.935503 0.321431 0.062895 -0.333109 0.940788
-13.126919 -3.371995 38.694529 0.982553 -0.127650 -0.135261 0.164663 0.935177 0.313576 0.086465 -0.330378 0.939880
-13.679132 -3.398742 39.527804 0.978269 -0.142052 -0.151034 0.182913 0.934287 0.306025 0.097638 -0.327001 0.939967
-14.482009 -3.990498 39.600010 0.965701 -0.170334 -0.195979 0.215756 0.946325 0.240661 0.144467 -0.274690 0.950618
-13.684018 -4.336593 40.093396 0.966454 -0.178165 -0.184999 0.218750 0.948441 0.229366 0.134595 -0.262140 0.955598
-14.592247 -4.223537 40.496308 0.959817 -0.189441 -0.207037 0.232618 0.949766 0.209364 0.156975 -0.249111 0.955669
-15.443148 -4.162336 41.018057 0.953169 -0.199293 -0.227490 0.243432 0.951908 0.186045 0.179472 -0.232710 0.955843
-15.710700 -4.429940 41.943694 0.951022 -0.203471 -0.232716 0.246325 0.953653 0.172829 0.186765 -0.221689 0.957065
-16.685533 -4.566119 42.120201 0.943075 -0.209660 -0.258169 0.252312 0.956767 0.144688 0.216673 -0.201591 0.955204
-17.635012 -4.679558 42.412811 0.936654 -0.214205 -0.277121 0.255274 0.959221 0.121367 0.239823 -0.184420 0.953139
-17.404092 -4.987974 43.335609 0.933981 -0.222733 -0.279410 0.261601 0.958878 0.110078 0.243402 -0.175905 0.953841
-17.629871 -4.717255 42.399801 0.933541 -0.224046 -0.279830 0.259603 0.960856 0.096754 0.247199 -0.162969 0.955162
-18.618161 -4.691913 42.550266 0.922392 -0.227038 -0.312486 0.259981 0.963248 0.067558 0.285663 -0.143555 0.947517
-18.646428 -5.038822 43.487738 0.918051 -0.239874 -0.315662 0.270344 0.961141 0.055873 0.289993 -0.136632 0.947225
-17.672380 -5.220602 43.622601 0.922047 -0.247256 -0.297814 0.275357 0.959726 0.055720 0.272043 -0.133381 0.952996
-17.663954 -5.477592 44.588978 0.919031 -0.254153 -0.301311 0.280127 0.958879 0.045613 0.277328 -0.126325 0.952434
-17.634057 -5.728401 45.556553 0.916870 -0.258259 -0.304387 0.282100 0.958697 0.036325 0.282434 -0.119173 0.951856
-17.814434 -4.801905 45.886808 0.902307 -0.192264 -0.385846 0.254559 0.959960 0.116950 0.347912 -0.203745 0.915121
-18.169994 -3.938980 46.245888 0.880570 -0.143737 -0.451592 0.239973 0.956939 0.163345 0.408667 -0.252207 0.877145
-18.190579 -3.656253 45.286909 0.879047 -0.139999 -0.455715 0.230386 0.961627 0.148981 0.417371 -0.235952 0.877569
-17.730467 -4.042197 46.086499 0.873238 -0.146602 -0.464718 0.236223 0.961478 0.140567 0.426209 -0.232525 0.874230
-18.239995 -3.265206 46.456185 0.826144 -0.064036 -0.559809 0.204244 0.959986 0.191603 0.525139 -0.272630 0.806165
-18.513889 -2.702386 45.676303 0.821701 -0.059232 -0.566833 0.200165 0.961218 0.189722 0.533612 -0.269355 0.801689
-18.747053 -2.312267 44.785550 0.815391 -0.060700 -0.575720 0.203015 0.961314 0.186174 0.542146 -0.268685 0.796170
-19.105837 -1.744184 44.044904 0.809948 -0.045585 -0.584727 0.187583 0.964742 0.184625 0.555695 -0.259221 0.789941
-18.321808 -1.591347 43.443290 0.814273 -0.034670 -0.579446 0.176333 0.965818 0.190006 0.553052 -0.256892 0.792552
-18.661857 -1.057317 42.669224 0.808874 -0.016965 -0.587737 0.158133 0.969032 0.189660 0.566318 -0.246352 0.786508
-18.276611 -1.508471 43.474237 0.805118 -0.012619 -0.592981 0.156650 0.968797 0.192074 0.572054 -0.247533 0.781973
-18.622739 -0.986438 42.694700 0.799041 0.007700 -0.601227 0.135105 0.972049 0.192006 0.585901 -0.234650 0.775667
-18.984377 -0.433205 41.944266 0.791342 0.028842 -0.610693 0.115374 0.973894 0.195499 0.600388 -0.225165 0.767356
-19.355455 0.039258 41.144842 0.783928 0.045099 -0.619211 0.101085 0.974778 0.198971 0.612567 -0.218572 0.759597
-19.724531 0.554420 40.371284 0.775970 0.067406 -0.627158 0.078791 0.976128 0.202399 0.625829 -0.206470 0.752135
-20.104807 1.049339 39.589974 0.766816 0.091207 -0.635354 0.053929 0.977198 0.205368 0.639597 -0.191743 0.744412
-20.534007 1.595330 38.870474 0.753645 0.123852 -0.645507 0.022416 0.976672 0.213564 0.656899 -0.175421 0.733288
-21.301626 1.065616 38.509692 0.735346 0.122797 -0.666474 0.022472 0.978487 0.205080 0.677319 -0.165782 0.716767
-21.706278 1.651289 37.807380 0.723829 0.148387 -0.673834 0.007739 0.974793 0.222975 0.689936 -0.166611 0.704435
-21.197543 1.333219 38.607392 0.714966 0.160116 -0.680578 0.007129 0.971703 0.236098 0.699123 -0.173654 0.693593
-20.530022 1.181310 37.878462 0.753188 0.160192 -0.638002 -0.033916 0.978062 0.205536 0.656930 -0.133168 0.742098
-19.684021 0.857918 37.454550 0.826156 0.122927 -0.549868 -0.047675 0.987662 0.149169 0.561421 -0.097022 0.821823
-19.382705 0.603864 38.373607 0.819912 0.133200 -0.556779 -0.047880 0.985104 0.165162 0.570484 -0.108760 0.814076
-18.754013 0.224956 37.694508 0.839139 0.130861 -0.527941 -0.074641 0.989149 0.126543 0.538771 -0.066782 0.839801
-18.964742 0.696769 36.838362 0.830874 0.154806 -0.534494 -0.088699 0.985087 0.147428 0.549346 -0.075085 0.832215
-18.735464 0.433434 37.775424 0.824384 0.169005 -0.540211 -0.097063 0.982457 0.159240 0.557646 -0.078840 0.826326
-18.496239 0.227840 38.724373 0.818899 0.182947 -0.543999 -0.103304 0.979340 0.173846 0.564564 -0.086165 0.820880
-18.271358 0.273672 39.697680 0.810722 0.207785 -0.547317 -0.130912 0.975565 0.176451 0.570607 -0.071402 0.818114
-18.535399 -0.040424 38.785745 0.804450 0.214789 -0.553828 -0.134238 0.973954 0.182740 0.578654 -0.072660 0.812330
-17.598373 0.188414 39.049591 0.946874 0.278130 0.161475 -0.302575 0.940569 0.154200 -0.108991 -0.194866 0.974755
-18.099925 -0.199742 39.822754 0.947159 0.281789 0.153246 -0.305727 0.937629 0.165478 -0.097057 -0.203586 0.974234
-17.574382 0.186762 39.064849 0.893703 0.426831 0.138243 -0.441367 0.891730 0.100064 -0.080565 -0.150444 0.985330
-17.574382 0.186762 39.064849 0.893703 0.426831 0.138243 -0.441367 0.891730 0.100064 -0.080565 -0.150444 0.985330
-18.124853 -0.506495 39.530012 0.891994 0.437616 0.113311 -0.448739 0.887470 0.105030 -0.054597 -0.144533 0.987993
-18.694292 -1.126627 40.069619 0.890632 0.446287 0.087190 -0.453894 0.884090 0.111194 -0.027460 -0.138608 0.989967
-19.025843 -1.679391 40.834162 0.887471 0.456044 0.066480 -0.460829 0.879894 0.115860 -0.005658 -0.133458 0.991038
-19.404882 -2.298450 41.521982 0.882690 0.467768 0.045293 -0.469658 0.874593 0.120451 0.016730 -0.127593 0.991686
-19.678924 -2.814024 42.333822 0.877668 0.478610 0.025108 -0.477734 0.869470 0.125668 0.038315 -0.122289 0.991755
-19.865523 -3.286499 43.195186 0.871050 0.491152 0.006431 -0.487638 0.863098 0.131420 0.058997 -0.117609 0.991306
-20.132954 -3.901839 43.936696 0.864567 0.502266 -0.015890 -0.495724 0.857633 0.136833 0.082354 -0.110424 0.990467
-20.269802 -4.399186 44.793387 0.857447 0.513367 -0.035211 -0.504127 0.851789 0.142519 0.103156 -0.104452 0.989166
-20.377750 -4.977615 45.601945 0.849155 0.525077 -0.056836 -0.513097 0.845676 0.146842 0.125168 -0.095529 0.987526
-20.478552 -5.492673 46.453153 0.840608 0.536245 -0.076283 -0.521557 0.839365 0.153117 0.146138 -0.088926 0.985259
-20.657272 -6.365012 46.908217 0.829707 0.547718 -0.107664 -0.529981 0.833520 0.156090 0.175233 -0.072449 0.981858
-20.719480 -6.903127 47.748790 0.819099 0.559234 -0.127806 -0.538833 0.826482 0.163051 0.196813 -0.064689 0.978305
-20.791826 -7.589544 48.472390 0.808138 0.569082 -0.151850 -0.546020 0.820520 0.169143 0.220852 -0.053778 0.973824
-20.852667 -8.248599 49.222020 0.795482 0.580435 -0.174080 -0.554744 0.813136 0.176265 0.243861 -0.043646 0.968827
-20.841114 -8.738201 50.093889 0.781327 0.593615 -0.192742 -0.565210 0.803966 0.184868 0.264699 -0.035503 0.963677
-20.775287 -9.257805 50.945757 0.766937 0.605491 -0.212577 -0.574504 0.795432 0.192961 0.285927 -0.025863 0.957902
-20.811149 -9.833985 51.762293 0.751497 0.617021 -0.233531 -0.582985 0.786779 0.202750 0.308838 -0.016221 0.950976
-20.835643 -10.491390 52.515432 0.734708 0.627665 -0.257372 -0.590568 0.778472 0.212628 0.333816 -0.004224 0.942629
-20.835135 -11.106564 53.303823 0.716246 0.639730 -0.278813 -0.599525 0.768566 0.223329 0.357156 0.007197 0.934017
-20.816493 -11.744512 54.073677 0.694883 0.652964 -0.301290 -0.609650 0.757110 0.234758 0.381398 0.020552 0.924182
-20.839313 -12.469983 54.761552 0.671654 0.665474 -0.325617 -0.618871 0.745578 0.247208 0.407283 0.035477 0.912613
-20.805859 -13.127570 55.514187 0.647670 0.678189 -0.347252 -0.628354 0.733198 0.259985 0.430923 0.049813 0.901013
-20.824230 -13.909625 56.137126 0.620460 0.688847 -0.374859 -0.635785 0.721669 0.273809 0.459137 0.068442 0.885725
-20.741592 -14.582013 56.872697 0.593659 0.702635 -0.392266 -0.647074 0.706597 0.286384 0.478398 0.083811 0.874135
-20.824228 -15.342438 57.516844 0.554030 0.713547 -0.428837 -0.650561 0.692504 0.311783 0.519443 0.106247 0.847874
-20.666956 -15.850364 58.363766 0.523255 0.728349 -0.442393 -0.662292 0.674252 0.326732 0.536259 0.122029 0.835186
-20.450285 -16.410196 59.163542 0.493255 0.739963 -0.457334 -0.671156 0.658192 0.341076 0.553397 0.138705 0.821287
-20.176748 -16.924536 59.976335 0.470035 0.751010 -0.463736 -0.682146 0.642499 0.349101 0.560128 0.152246 0.814296
-20.112810 -17.679310 60.629196 0.435497 0.762472 -0.478518 -0.691463 0.623705 0.364515 0.576386 0.172132 0.798843
-20.058825 -18.433588 61.283528 0.399603 0.772294 -0.493841 -0.698542 0.605391 0.381499 0.593596 0.192521 0.781396
-20.590729 -19.233144 61.004624 0.369570 0.785843 -0.495851 -0.714929 0.581343 0.388480 0.593544 0.210928 0.776670
