0.0 0.0 0.0 1.0 0.0 0.0 0.0 1.0 0.0 0.0 0.0 1.0
-0.0263092050148113 -0.026533043027534103 -0.999301667845695 0.9994562211424897 -0.0008297780564916924 0.0329632141629366 0.0017788627653252654 0.9995843784640276 -0.02877335534737066 -0.03292563844235673 0.02881634603937302 0.9990423016740093
-0.04067538163497394 -0.03741843948047484 -1.034920295365433 0.9993774095409174 -0.006326653979838818 0.0347097500524684 0.007299686824200856 0.9995818661757783 -0.027978695195042563 -0.034518225208634776 0.028214646231485854 0.9990057186355231
-0.03974843004013773 -0.03814846796650604 -1.0342262201975665 0.9993789921294838 -0.005387030047286268 0.03482255012957575 0.0063628879749898625 0.9995884015509272 -0.02797393682483625 -0.03465752078373337 0.02817813677537667 0.9990019263549962
-0.03960816034667847 -0.03831589480755758 -1.0340696231201199 0.9993846000922854 -0.004944781536471637 0.034727082139729915 0.005916710965687974 0.9995920665179652 -0.027940885556696465 -0.034574754225178334 0.02812916084600589 0.9990061744956175
-0.039838320862762795 -0.038248300194654396 -1.0340414857486377 0.9993739318919664 -0.0053071650029103 0.03497968345230125 0.006289019876746484 0.9995875985250608 -0.028019298775875084 -0.03481655473738321 0.028221744711015857 0.9989951654746309
-0.04145253604194708 -0.037714444352519215 -1.0339984129447854 0.999313563782093 -0.005873056731296903 0.03657743082507995 0.006919093358041828 0.9995687824780738 -0.028537260597398837 -0.036394057045556795 0.02877075424684099 0.9989232784913127
-0.04191925144750363 -0.037612456518509724 -1.0339940396667753 0.999302781095317 -0.005149252661341524 0.036978870888583176 0.006210243266217407 0.9995706569584675 -0.028634500627603424 -0.03681554798912055 0.028844183896367854 0.9989057155115357
-0.04166181554994998 -0.03765195927705043 -1.0340036097416885 0.9993158485442082 -0.004614467682505892 0.03669525223208411 0.005665665741362488 0.9995750367339342 -0.028594512936245958 -0.036547709642005155 0.028782852992034938 0.998917320048843
-0.04178458919271461 -0.037056148421315833 -1.0340222373561831 0.9993225917652779 -0.0027945691949118044 0.03669533990226046 0.0038661411894341945 0.9995671795007468 -0.029163446593725113 -0.036597958137455415 0.02928556039990607 0.9989008686612664
-0.04226661913269172 -0.03848102080965225 -1.0339505456877243 0.999299267552053 -0.003853098422245786 0.03723073330568408 0.004889665567391368 0.9996017996027312 -0.02779088702471005 -0.03710882698994343 0.02795345888310814 0.9989201865494064
-0.03910414787085371 -0.03886540058038311 -1.0340605101424372 0.999379248790903 -0.007551930570363699 0.034410542436739966 0.008498046383504633 0.9995875448691713 -0.027432159048935225 -0.0341891838714246 0.027707552888746437 0.9990312263483675
-0.042693107715405625 -0.0364391656315618 -1.0340072117963328 0.9992976674480678 -0.0010121639740639757 0.03745860858254841 0.00212770902536919 0.9995550208092437 -0.02975286926223428 -0.03741182549882222 0.02981167387319689 0.998855154371105
-0.04736217433901209 -0.03227014311598642 -1.0339421776622884 0.9990647969803649 0.013659720561240938 0.041023693992266984 -0.012279173704746496 0.9993559550841612 -0.033717902232382906 -0.04145785001312794 0.03318263208385799 0.9985890844588059
-0.04817550025483705 -0.03337269051228087 -1.0338692191129133 0.9990489975201061 0.011995964983313047 0.04191893818061478 -0.010629882197787963 0.9994099588309681 -0.0326609827461449 -0.04228600428666945 0.03218432869584127 0.9985870331763105
