0.0 0.0 0.0 1.0 0.0 0.0 0.0 1.0 0.0 0.0 0.0 1.0 
-0.7202229672754901 0.6928348004261786 0.035479807317763026 0.9999995171867679 -0.0003973700617868059 0.0008987342577325766 0.00039801409547290945 0.999999664080769 -0.0007165355035260029 -0.000898449226072108 0.0007168928664747255 0.9999993394265849 
-0.7202229672754901 0.6928348004261786 0.035479807317763026 0.9999995171867679 -0.0003973700617868059 0.0008987342577325766 0.00039801409547290945 0.999999664080769 -0.0007165355035260029 -0.000898449226072108 0.0007168928664747255 0.9999993394265849 
-0.006913683256640997 0.030875657939795617 -0.9994993220260889 0.999980314738605 0.0011875648298346065 -0.006161154522927254 -0.0011295239016657073 0.999955036150499 0.009415405090057807 0.006172058897646129 -0.009408260574051992 0.9999366931570891 
-0.003060076070659051 -0.0885618425799327 -1.1075940918825413 0.9999737060482039 -0.0027466674600513884 -0.006711410439256852 0.0028146734043767584 0.9999445814553882 0.010144537034043374 0.006683174832889317 -0.010163160722544844 0.9999260199326152 
-0.003060076070659051 -0.0885618425799327 -1.1075940918825413 0.9999737060482039 -0.0027466674600513884 -0.006711410439256852 0.0028146734043767584 0.9999445814553882 0.010144537034043374 0.006683174832889317 -0.010163160722544844 0.9999260199326152 
0.80997709410514 0.09686062176527699 -0.5784074057065982 0.9999998460713619 0.00015000497622449926 -0.0005341870076615574 -0.00015587530791293103 0.9999394172538828 -0.011006249354516044 0.0005325036529728044 0.011006330926903299 0.9999392867166421 
0.80997709410514 0.09686062176527699 -0.5784074057065982 0.9999998460713619 0.00015000497622449926 -0.0005341870076615574 -0.00015587530791293103 0.9999394172538828 -0.011006249354516044 0.0005325036529728044 0.011006330926903299 0.9999392867166421 
0.4097425777723249 -0.08794104419812328 -0.9079523075062004 0.9999858218086053 -0.0013928741786580143 -0.005139657896287397 0.0013020233108170833 0.9998435968183524 -0.01763764827401293 0.00516342106229295 0.01763070624966946 0.9998312343991216 
0.4097425777723249 -0.08794104419812328 -0.9079523075062004 0.9999858218086053 -0.0013928741786580143 -0.005139657896287397 0.0013020233108170833 0.9998435968183524 -0.01763764827401293 0.00516342106229295 0.01763070624966946 0.9998312343991216 
0.9589065384756523 0.04303472075027406 -0.28043941106518594 0.9999556893850386 -0.0019015596434165116 0.009219725452258687 0.0020034030149411117 0.9999369440995769 -0.011049624480469911 -0.009198132574181839 0.01106760569058207 0.9998964458689837 
1.9835024227480977 -0.09429785032564571 -0.2802836968302887 0.9995308269972174 -0.0026335778913316767 0.030515408398854783 0.0031392262641271648 0.9998583723606133 -0.016534221446681208 -0.03046754241354596 0.016622258807862653 0.9993975332025805 
1.9835024227480977 -0.09429785032564571 -0.2802836968302887 0.9995308269972174 -0.0026335778913316767 0.030515408398854783 0.0031392262641271648 0.9998583723606133 -0.016534221446681208 -0.03046754241354596 0.016622258807862653 0.9993975332025805 
0.5884113208766952 -0.0847877625587073 -0.804103944017458 0.9997638174306207 0.006664171235134533 0.02068569985041585 -0.0065811362562913575 0.9999700222717128 -0.004079608251557107 -0.020712266948087255 0.003942509309925832 0.9997777046014841 
0.567178625393024 -0.08812918209028191 -0.9097057141362438 0.9996786439311159 0.007892215894723024 0.024089869163534366 -0.007778574186366402 0.999958190113042 -0.004807474334463604 -0.024126803594183732 0.004618544588981821 0.9996982376668508 
0.567178625393024 -0.08812918209028191 -0.9097057141362438 0.9996786439311159 0.007892215894723024 0.024089869163534366 -0.007778574186366402 0.999958190113042 -0.004807474334463604 -0.024126803594183732 0.004618544588981821 0.9996982376668508 
