0.0 0.0 0.0 1.0 0.0 0.0 0.0 1.0 0.0 0.0 0.0 1.0 
0.000898887579419782 -0.0021960339396238223 0.00031931902102670884 0.9999822278947184 0.00038153718913906036 -0.005949649074323345 -0.00035776938071604335 0.9999919544454667 0.003995378012678814 0.00595112559142923 -0.003993178404226468 0.9999743189854693 
0.0011333656582614773 -0.002020400546831841 0.0003964127657396445 0.999969398791888 0.0011473139566368013 -0.007738549636394085 -0.0010981902413704457 0.9999792406817324 0.006349187647230179 0.00774567350098023 -0.0063404949547245905 0.9999499000778715 
0.0027574510100185213 -0.002799115618468398 0.003439131611188343 0.9999658649082245 -0.0022089982764029277 -0.007961742583216637 0.0022652592770825977 0.99997248146497 0.007064340959906596 0.00794591837072012 -0.007082135229227956 0.9999433512663809 
0.003039951202783341 -0.0026848218953479095 0.0036297694396247204 0.9999588131766862 -0.003601913942535436 -0.008330556177334284 0.0036694135400250436 0.9999604488693894 0.008101611025074531 0.008301045388710656 -0.008131845601085718 0.9999324805868518 
0.0030312128793013506 -0.0023822586632166985 0.00399277622892254 0.9999298116273739 -0.006702341591301737 -0.009769873900821633 0.006798784065185215 0.9999281589232296 0.009871855328940124 0.009703007476006211 -0.009937585702475566 0.9999035433662221 
0.0034559141465672623 -0.0027455876139376736 0.005965235678847274 0.9999436180137817 -0.005506575464363121 -0.009079560571051654 0.005593207498716603 0.9999388139856439 0.009543810290448184 0.009026451317346265 -0.009594056057739 0.9999132348683942 
0.0034099349632656377 -0.002758988826011972 0.006071765477814414 0.9999205977111711 -0.006348171406388857 -0.010885724262966388 0.006466397796612826 0.9999201187842126 0.010860098991351244 0.010815912928190063 -0.010929628098023026 0.99988177263973 
0.0035603487579335645 -0.002805465577272095 0.007154964458149318 0.9999027090496798 -0.007896484780780482 -0.011498607012077606 0.008020657124141592 0.9999095846056683 0.01079313082552322 0.011412339567689651 -0.010884307135817377 0.9998756374488604 
0.0035594177245455274 -0.002795483151872162 0.007446123327048291 0.999871510157228 -0.010557822030578925 -0.012062154445825285 0.010700867823230828 0.9998724467367187 0.011856714745551439 0.011935434794512662 -0.011984266798526147 0.9998569511412959 
0.003344673833576962 -0.0028876729555259244 0.008020184956178008 0.9998081763161388 -0.01419964343427934 -0.013490022154768262 0.014370913656636206 0.9998162654477633 0.012685116742129405 0.013307419436927578 -0.012876547379917969 0.9998285388582897 
0.0033361038601232747 -0.0028203018942186244 0.008392245876479125 0.9998431994067992 -0.012102865567606876 -0.01292660995883862 0.012278635257495871 0.9998320442742327 0.013605820762536797 0.01275976944105532 -0.013762408490570753 0.9998238766884644 
0.0034703713806800724 -0.002963507458336823 0.0085123360287851 0.9998640610523788 -0.011419143988063122 -0.011893803698770281 0.011578170273338328 0.9998433334331526 0.013388598223987589 0.011739054006459993 -0.013524486676456922 0.9998396285760891 
0.003631404829098946 -0.0029476441899346896 0.008398142619242982 0.9998959744402841 -0.009600067833310378 -0.01076471066543616 0.009750198572407295 0.9998547092851141 0.013981915039745945 0.01062891932010693 -0.014085418629770525 0.9998443014070295 
0.003651174391958548 -0.0027194249359619267 0.00940772585463411 0.9999285961568274 -0.006863474384782192 -0.009782397824958655 0.006997681352161835 0.9998809548398696 0.013751676414322738 0.009686848999025617 -0.013819148594615823 0.9998575879036924 
0.0037089328109464782 -0.0031608851079535393 0.006853373470266932 0.9999206164620508 -0.007630336672566696 -0.010026900638561216 0.007763873594109217 0.9998807811787911 0.013347123139658315 0.009923862200120936 -0.01342391118690051 0.99986064807426 
0.0034752278735892352 -0.0033434390515009625 0.0077135596874336266 0.9999296612466759 -0.0065142168680592345 -0.009911485141184074 0.006642305182108048 0.9998941392498998 0.012945658560683918 0.009826105076568269 -0.013010583088315479 0.9998670773591489 
0.0033079981031310696 -0.0033225832262017774 0.008193465694181808 0.9999187076391327 -0.007580125929796462 -0.010252794944561617 0.007708453490560549 0.9998917173099743 0.012535286183191623 0.010156665696510142 -0.012613300353162023 0.9998688647998448 
0.0032267847279582582 -0.0033289508139408715 0.008043726818565659 0.9999339845403094 -0.005592706143540957 -0.0100373402518999 0.005712063455388818 0.9999128497603424 0.011902319741643155 0.009969899318549925 -0.011958867928976224 0.9998787859462942 
0.003139356407374158 -0.0032341797602907884 0.008175757341787448 0.9999350050188294 -0.005025945004938423 -0.01023355338096733 0.005149895872669985 0.9999132629550536 0.012122093015588597 0.010171740779946665 -0.012174006874700691 0.9998741567047926 
0.0029931498691901435 -0.0032269134381644367 0.008934474791158336 0.9999286979629733 -0.006584755127849927 -0.009961927021369688 0.006711600002032281 0.9998961449822881 0.012753574987895195 0.00987691325696251 -0.012819526101436033 0.9998690445928652 
0.003061726796918465 -0.0033486176366409825 0.008442157093613718 0.9999229961237084 -0.006560826207551301 -0.010533631019763831 0.006685326100574526 0.9999076994163205 0.0118278934257202 0.01045505800630488 -0.011897403390468282 0.9998745639102183 
0.003045893342358251 -0.003348290394102306 0.00876697369271385 0.999915044259189 -0.006154654719290733 -0.011490191009307461 0.006293768530686322 0.9999068573508888 0.012110536749109729 0.011414584610322017 -0.012181824492074536 0.9998606454952701 
0.003181096469432188 -0.0035513181256337715 0.008376940108742743 0.9999290091585094 -0.005426525439811423 -0.010607990617110994 0.005550459118664395 0.9999162794701177 0.011688731933334168 0.010543673309320179 -0.011746781358669706 0.9998754142796281 
0.0031867328925292786 -0.00351868594491692 0.008575387437277357 0.9999422870917034 -0.001771519457797891 -0.010596424143267415 0.0018983956465586746 0.9999264897520733 0.011975440954966367 0.010574430470834076 -0.011994866022903387 0.9998721441310935 
0.0032136254293115 -0.0034396015743218956 0.009010985615030142 0.999928359453098 -0.004419363462771173 -0.011124081446117914 0.0045609374578875796 0.9999085202515249 0.012733773121548376 0.011066788646268602 -0.012783597106830028 0.9998570426986395 
0.003202467824134477 -0.0035039560830815216 0.007973309600900374 0.99992365932187 -0.0037878531984054287 -0.011761279543832751 0.003933079369935008 0.9999160087916253 0.012349342043037233 0.011713514204995895 -0.01239465733182911 0.9998545724527121 
0.003257617303653175 -0.003416909628483061 0.00801000053749718 0.9999268387295723 -0.004068666962054662 -0.01139136240471983 0.004212393581727975 0.9999114699902647 0.012621724217419182 0.011339000334967646 -0.012668785697921242 0.9998554540234021 
0.0031614375824557685 -0.0034674359263590004 0.00795906735099073 0.9999209606315003 -0.005127587297340461 -0.011479561763662402 0.005268465296210036 0.999910771837117 0.012275652223956792 0.011415592985045393 -0.01233516163692465 0.9998587540368843 
0.0031751184745006755 -0.003470662460275311 0.008065781807928466 0.9999094425497737 -0.007472266633811928 -0.011192494411625016 0.007610154321996663 0.99989504559436 0.012328152621060398 0.01109920046653955 -0.012412212824713562 0.9998613627507554 
0.0032406756686840514 -0.003497937882687876 0.007919837215637488 0.9999254857089231 -0.0045595433603886765 -0.011324027292389523 0.004695366276458609 0.9999170124194117 0.011996741631297065 0.011268387875110728 -0.012049018158461561 0.999863913038226 
0.003421828346601574 -0.0035087359507186564 0.00796720745979617 0.999939828533001 -0.00136397432034682 -0.010884800753620643 0.0014934552846874243 0.9999281209218872 0.011896326363060095 0.010867792080511354 -0.011911866506859194 0.9998699908146146 
0.003370234036515216 -0.003463388271449206 0.008112304679887574 0.9999420396016493 -0.001539910022264036 -0.010655801913364545 0.0016691399380934229 0.9999250428732044 0.012129410821942598 0.010636324983780544 -0.012146493821005612 0.9998696571447179 
0.0033578012720068074 -0.003472695956038659 0.008078402620255975 0.9999435392877261 -0.0008928103013220861 -0.010588726387140285 0.0010148314281146948 0.9999330825215331 0.011523914098838267 0.010577729147051292 -0.011534009222761436 0.9998775316394208 
0.0032418931316350484 -0.003445628648853137 0.008287559058177709 0.9999338733854085 0.00018772999761582285 -0.0114984178869069 -5.240803226768168e-05 0.9999307542897671 0.01176791735591769 0.011499830861890934 -0.011766536573926508 0.9998646420927197 
0.0032356679841752264 -0.0034020271182846756 0.008340536571153676 0.9999322227704719 -0.002292250645151154 -0.011414703337502401 0.002428962124509701 0.9999253186769955 0.011977362468702719 0.011386395755509362 -0.012004276558326839 0.9998631142991575 
0.0031876535857301965 -0.003348817924054925 0.008289952965495255 0.9999242329790767 -0.002666036639431188 -0.012017510134894036 0.0028177623029954904 0.9999163163666045 0.012626182298871578 0.011982842601356656 -0.012659088137687126 0.9998480679436819 
0.0032128298234596524 -0.0033315468374292613 0.00837449937384743 0.9999190706879227 -0.0014024136554382418 -0.012644576329006075 0.0015626524879933917 0.999918491350613 0.012671573395439674 0.012625774899101777 -0.012690306972381984 0.9998397601201624 
0.0031859819978112174 -0.0033685535442622527 0.008982873497148032 0.9999034456139371 -0.0019348613404491014 -0.013760659903129855 0.002097668911818933 0.9999278606576132 0.011826802857297944 0.013736783994543941 -0.011854526236093873 0.9998353719354027 
0.003086740158445553 -0.0033399930287959113 0.009328727582516488 0.9998988434798819 -0.002508604094204651 -0.014000346891887585 0.0026602322100062995 0.9999378994563088 0.010822217679085665 0.013972328803155604 -0.010858367114958353 0.9998434226874793 
0.0030408079197073805 -0.003418717293857743 0.009755868466430074 0.9999025403823493 -0.0026540744986192186 -0.01370640819034278 0.0027832267461914855 0.9999518299573358 0.009412301198683713 0.013680767003490735 -0.009449531921277246 0.9998617619254498 
0.0029355223123632783 -0.0033918489298058636 0.010138621054171043 0.9998909967883929 -0.0059694816045577515 -0.013504067197959276 0.006094936978559864 0.9999384742906479 0.009268191653104161 0.013447910051065059 -0.009349487828973985 0.9998658613997151 
0.0029045980894768708 -0.003357266064220434 0.010224621790573074 0.99990313575925 -0.004639191794116594 -0.013122385389712533 0.0047613007682035914 0.9999455160212407 0.009289510428935504 0.0130785746093924 -0.009351090231197583 0.9998707456454932 
0.00289510132433989 -0.003318112354839969 0.011254074325731535 0.9998933429915837 -0.005241955522902311 -0.013631747628647287 0.00536938099045752 0.9999420777675272 0.009327961070883541 0.013582061290339193 -0.009400160225045067 0.9998635729932603 
0.0028889989637343075 -0.003299561995949167 0.011306202576670739 0.9998979902249536 -0.006254871121097795 -0.01284078390741716 0.006374314607513053 0.9999366031088457 0.009282126718984382 0.012781911335280512 -0.009363031047758779 0.9998744703172573 
0.002892912664178191 -0.0032623552163595394 0.01136303847686702 0.9998698986204247 -0.0109031661708555 -0.01188725368754998 0.011003462466317412 0.9999041370158043 0.008404795799545318 0.011794475254703039 -0.008534503273795312 0.9998940206878606 
0.002891564160105784 -0.0032432249523931212 0.01122523749884902 0.9999224518555326 -0.0032720913262858464 -0.012015976596703401 0.0033747295361241506 0.9999579115260727 0.008531493244025433 0.011987555037541649 -0.008571382313681104 0.9998914090687321 
0.0028747287955893136 -0.003230318102118526 0.011149638680283198 0.9999262838480835 -0.0019266984308535184 -0.011988106727862621 0.0020273160657193544 0.999962776456289 0.008386637669511261 0.011971501966409838 -0.008410323120221701 0.9998929690750314 
0.002978901067455238 -0.0033457444480062353 0.011234765800269823 0.9999197713130236 0.0018166211964174715 -0.012535981203693836 -0.0017270469099715626 0.9999729291245318 0.007152504951047642 0.012548635235809355 -0.007130280887365526 0.9998958399994401 
0.002959691356913118 -0.0033325275522453996 0.01138814181444438 0.9999243185343049 0.0033229278267977625 -0.011845478224363666 -0.003245195289674968 0.9999731160235951 0.0065754039870902364 0.011867009363687724 -0.006536465460741292 0.9999082201422502 
0.00294430120105377 -0.0033109333393183268 0.011383404415064361 0.9999290470574469 0.005353341291878784 -0.01064155006560459 -0.0052902361958284076 0.9999683085401055 0.005949396308251776 0.010673061968266204 -0.005892677867740477 0.9999256782860256 
0.0028221651733266236 -0.00321346281409458 0.010902671890921641 0.999940098468295 0.004030589104123317 -0.010176140068329105 -0.003948574459943743 0.9999596671589044 0.008066772290545865 0.010208243480188483 -0.008026107831755128 0.9999156831243934 
0.0027984227115503526 -0.0032343755086728515 0.01071690152564441 0.9999190935199379 0.00862442610165711 -0.00935017051624164 -0.008546918591771455 0.9999290447508303 0.008297930240582528 0.009421071958719473 -0.008217343738033484 0.9999218562792993 
0.002768228156087411 -0.003245938156640257 0.010798977433644018 0.9999444725888761 0.0059002884605180396 -0.008731456638909655 -0.00582322401295535 0.9999441002587116 0.008825328316311571 0.008783040535567511 -0.008773993040710044 0.9999229346530022 
0.002873368692247547 -0.0031908964379044444 0.010547752330542955 0.9999167121156668 0.010459286273563384 -0.007561227575098911 -0.010385307109753874 0.9998984587430567 0.009757950578669345 0.007662520997092486 -0.009678612189116078 0.9999238022159798 
0.0029118177786159392 -0.0031750823383660965 0.010750715128664243 0.9998795543483807 0.013013377034932423 -0.008457470912172065 -0.012929569609701883 0.9998675028326706 0.009889540376954432 0.00858504663886089 -0.009778997765938591 0.9999153305039894 
0.0029421856835613208 -0.0030070152700967974 0.010745425105528816 0.9998374105756228 0.015790618673013262 -0.008706823494066108 -0.015696500392915418 0.9998187526856209 0.010774119619918742 0.008875375420146615 -0.010635701203615905 0.9999040501823456 
0.0028235535828180286 -0.0030499291754640437 0.011759339878551756 0.9998047509012983 0.017261538241378147 -0.009617659420789074 -0.017168880070313863 0.9998061807727091 0.009634855775786957 0.00978210776489568 -0.009467850137727982 0.9999073307969322 
0.00283135439897139 -0.0030756773861021682 0.011812879419735486 0.9997964717959568 0.018091518643618004 -0.008928154205891525 -0.018012162340946807 0.999798243688252 0.008890102681644758 0.009087188352836869 -0.008727477932050691 0.9999206239181117 
0.0029367539095697245 -0.0031118413359278274 0.012279351391179104 0.9997497543601542 0.020324909054443754 -0.009344877138822942 -0.020246034869710366 0.9997592436194247 0.008458892928171322 0.00951455352949246 -0.008267579418692333 0.9999205570452535 
0.0029333825812596147 -0.0031992417469728367 0.011531869830790725 0.9998026321198725 0.017408024064238577 -0.009573792579412658 -0.01731819651037916 0.999805964652392 0.009386858640019815 0.009735341586334677 -0.009219205154389077 0.9999101106502117 
0.0029195120752172244 -0.0032553231073593775 0.0114782367487793 0.9998009625506573 0.017292695562045733 -0.009949772006312307 -0.01720551718181923 0.9998134082574941 0.008781733714903917 0.010099775308654912 -0.008608794847814693 0.9999119377175086 
0.0029016320151633583 -0.003283902654187842 0.011480794927745761 0.999782890673485 0.01696992258873709 -0.01209103981891172 -0.016858661420265406 0.9998151386834376 0.00924521468302481 0.012245695230859404 -0.00903936871416547 0.9998841596712902 
0.002954318754998955 -0.003306986453301247 0.011404593835104037 0.9997399861954481 0.019338254392018132 -0.012082711574598587 -0.019236296497777604 0.9997788471758526 0.008498331411089355 0.012244382343545804 -0.008263695105260743 0.9998908872693222 
0.0029167061725266456 -0.0033461131296272234 0.01162187597166467 0.9997564840410764 0.018472847164438134 -0.01207172462676078 -0.01838553073963099 0.9998042889115955 0.0073045282805391356 0.012204297490929846 -0.007080804447124787 0.9999004537108354 
0.002892522327252011 -0.0033579809533489887 0.01184674455790839 0.9996882621693227 0.02189232854381664 -0.012004350536744242 -0.021808094249613212 0.999736938599265 0.007103564272211908 0.012156706218356498 -0.0068395578145849225 0.9999027127390052 
0.0028547953476395567 -0.0033173751205865893 0.011964633635885822 0.9996370636186147 0.023701359910806803 -0.012805724436050154 -0.023607736825290028 0.9996938111726529 0.007413411163835355 0.012977511392462613 -0.007108406394870355 0.9998905213855084 
0.0028536738666068693 -0.003312430715232751 0.011910688367566468 0.9996852775122337 0.022030871403914777 -0.011999442923427535 -0.021946978494346403 0.9997340750622076 0.007078791880049889 0.012152203925919008 -0.006813212509274461 0.9999029473279126 
0.0028378357466767095 -0.00333352840919905 0.012063983300554694 0.9996493558763607 0.023048154497669403 -0.013036405571656506 -0.022963120789633366 0.9997142930675282 0.006635308590640108 0.01318561259774695 -0.006333625402869682 0.999893006681054 
0.002841767390516118 -0.0033357843905560845 0.012076137834803529 0.9995693726159408 0.025597936801581588 -0.01434625246106552 -0.025507127767872714 0.9996536544526488 0.0064774665184516925 0.01450709347897814 -0.006108745449474965 0.9998761060590585 
0.00284802862150873 -0.003272111876288684 0.012186158556173311 0.9995844979413209 0.02528179762433468 -0.01384421121912196 -0.025180230660294758 0.9996550758459121 0.007462259671046151 0.014028095355101801 -0.007110558654983125 0.9998763185996167 
0.00282607433189995 -0.0032639481380014193 0.012181024472187517 0.999475496133563 0.029327017845616005 -0.013735306798572754 -0.029225838815473013 0.9995446208746251 0.00751007497523784 0.013949300129396795 -0.007104710049299906 0.9998774625527947 
0.002867207884966407 -0.003284569845453768 0.012074703248319453 0.9994609688181044 0.02981706596489599 -0.013737335492047207 -0.02971556985017206 0.9995299999857918 0.00753419118967698 0.013955526419865498 -0.007121917273326207 0.9998772532549665 
0.0028635100314180926 -0.0033261816789107563 0.012095364467000472 0.9996069891173146 0.02519809463492878 -0.012285085859930748 -0.025109144631024115 0.9996577560684057 0.007341770098425297 0.012465879981574104 -0.007030416705216851 0.9998975822939248 
0.002868936860402513 -0.0033180243779000044 0.01201541312176253 0.9995902556199795 0.025340463228734185 -0.01331096513920545 -0.025246635801875708 0.9996555379493145 0.007170273910681298 0.013488078079230564 -0.006831278842202215 0.9998856961568701 
0.002810016095628874 -0.0033364591935743813 0.012282799977120465 0.9994936807523517 0.029635570130632775 -0.01158080822517944 -0.029570551232982724 0.9995461807499378 0.00574587225668363 0.011745834831700176 -0.005400512128023539 0.9999164314245773 
0.002789442368916096 -0.003367936012127336 0.012135340904240515 0.9996876285148716 0.022051309695536835 -0.011763721138475187 -0.021971349684531308 0.9997349023547198 0.0068836623129643676 0.011912396373204296 -0.006623047222419828 0.999907110714859 
0.0027978535317791575 -0.0034036506684267985 0.012270196299571014 0.9997511976591837 0.0193748333752148 -0.011052538654547283 -0.01928995485824683 0.999784009171471 0.0077351565327868 0.011200018776519915 -0.007520029036019576 0.9999090002308725 
0.0028346185571414555 -0.0033481614113371446 0.012060853925943959 0.9997334041885657 0.020394726342049006 -0.01082477191329731 -0.020301925246492877 0.9997567790795477 0.008614784720133817 0.01099783527917167 -0.00839272434441692 0.999904300319411 
0.0028461174575263566 -0.003329889934088581 0.012008495811894365 0.9997028681594804 0.021793441476484484 -0.010918850778331832 -0.02168047794330964 0.9997112777009289 0.010359445628305477 0.011141466234661222 -0.010119641603693238 0.9998867238762372 
0.002775007087031828 -0.0034320062865668063 0.012175061163413563 0.9997304522966795 0.01974283148528425 -0.012216519783493966 -0.01959980173902928 0.9997392233970501 0.011718915190999673 0.012444698568771173 -0.011476315018627151 0.9998567015683426 
0.0028127765435390414 -0.003252087439226924 0.011642462522382786 0.999755990474455 0.018448897197807023 -0.01214897948908923 -0.018279778753271688 0.9997364611549825 0.013887329694492545 0.012401983678952315 -0.013661860396624087 0.9998297576944437 
0.002721218507086099 -0.003336311116146436 0.012030337500454541 0.9998582315677343 0.013169966278839486 -0.010491365709825215 -0.013033931190698829 0.9998314398334496 0.012930914827931473 0.010659896995712188 -0.012792337893650271 0.9998613517319567 
0.0027461465819310533 -0.003385147364601955 0.012075562283588743 0.9999380756297265 0.006882329336665037 -0.00874519575659946 -0.0067899640822238535 0.9999213151168103 0.01054798382776575 0.008817102340433357 -0.010487951085430254 0.9999061263880465 
0.0027516166930872466 -0.003407619758527947 0.012038740754417543 0.9999111443279086 0.009884097750269414 -0.008944722495164183 -0.009785074249244713 0.9998910969362773 0.011047469823674261 0.009052942659110632 -0.010958963419564118 0.999898967571214 
0.002763847873005189 -0.0033946532562398298 0.012017872464903663 0.9998995279774583 0.011971087867823046 -0.0075912453337398395 -0.011892509222140692 0.9998760951137864 0.01031322667295883 0.007713765284053282 -0.010221911527077052 0.9999180018130862 
0.002765154096172267 -0.003294941924002071 0.011684498299979232 0.9998977046337192 0.012212820413198804 -0.007444950354077968 -0.012123264396485665 0.999855007937508 0.01195782432797083 0.007589909656421091 -0.011866343996390066 0.9999007866541393 
0.0027348559625631156 -0.0033202333657278743 0.011678803818060494 0.9999773454634788 0.0039012544505173455 -0.005485323466002348 -0.0038407071228080012 0.9999320605366007 0.011005602201824095 0.00552788645064 -0.010984285354100287 0.9999243911149724 
0.002750047751462711 -0.0033128041722185085 0.011633932869468342 0.99998917822835 0.0018475958118125105 -0.004269638849522768 -0.001799098399714102 0.9999341414072497 0.011334729511303475 0.004290299655889714 -0.01132692534902745 0.9999266443549747 
0.002573843947828986 -0.003222782585527678 0.010472649785413879 0.9999862512881655 0.0020891918742453972 -0.004809627007827646 -0.002028806000318322 0.9999194879399282 0.012526036251134116 0.004835409068001432 -0.012516106234138501 0.9999099789000412 
0.0025468335502310214 -0.0030962973884340293 0.010187850509165014 0.9999658611598748 0.007414996608595783 -0.003646140436745434 -0.007368367817834478 0.9998929649269047 0.012639851477953178 0.003739474627679447 -0.012612553864230946 0.999913466163213 
0.0025415024614656224 -0.003065396590568679 0.010206884970133223 0.9999746886747679 0.00576231593650959 -0.004173454785759442 -0.00570859659885613 0.9999021495267487 0.012771190103468959 0.0042466380434949946 -0.012747042277927176 0.9999097354153985 
0.002578116953297643 -0.003039351376104458 0.010155714735612963 0.9999732494664089 0.006541603085301989 -0.0032722745400550843 -0.0064993131686176195 0.9998973177434743 0.012771565986267287 0.0033554850509812766 -0.012749956803052841 0.9999130858837646 
0.002423075988480702 -0.003049482753145432 0.009645706652706774 0.9999899395884595 0.0028394017220309303 -0.003472537937878185 -0.002796682609392227 0.9999211090418162 0.012245581201666913 0.00350703411038424 -0.012235746419619145 0.9999189903293683 
0.0023862929758632838 -0.0030718645085315733 0.009669537189893817 0.999996038790954 0.00037992855570762106 -0.002788916759838298 -0.0003492441127181491 0.999939497296725 0.010994533847443241 0.002792925160200456 -0.010993516283037075 0.9999356690151543 
0.002435683798556686 -0.0030044025758949036 0.009550921008987358 0.999994196142998 0.0009982827713623489 -0.0032574701576122233 -0.0009658707261693304 0.9999501651381063 0.009936515184622671 0.0032672272739529807 -0.009933311219442836 0.999945325782444 
0.0023789209602783994 -0.003024212787683782 0.009610321247749371 0.9999811691818913 0.004837463052821201 -0.003776272345901647 -0.0047974622930199735 0.9999330410074099 0.010530805155382973 0.0038269618713652315 -0.01051249032751892 0.9999374189967835 
0.0023962728162147035 -0.002996805035945241 0.00953532069490056 0.9999571444074541 0.007687330583661313 -0.0051589046305793316 -0.007636291707540779 0.9999224160807854 0.009841182252256248 0.005234156803846383 -0.009801365601908994 0.9999382665119335 
0.0023886447810960087 -0.0031056010886387738 0.009608967267798148 0.9999436850893153 0.008977537565566608 -0.005659546736190713 -0.008924718652933514 0.9999170202490498 0.009289887686480036 0.005742477424097299 -0.009238854664961084 0.9999408320083312 
0.0024054093516423696 -0.0031325180126793198 0.00939909217647957 0.9999700270055312 0.005578945632727386 -0.0053684687001434445 -0.0055256173167272556 0.9999357494936387 0.009897698614522811 0.005423342495770639 -0.009867737847243152 0.9999366055435472 
0.002427225166334382 -0.0031249836856796116 0.009333187843367518 0.9999439867500315 0.0082564368524941 -0.006622281551976265 -0.00818484368512446 0.9999085448988944 0.010766158647625338 0.006710566019565419 -0.010711353260748005 0.9999201144166571 
0.0024478147323162905 -0.003145693081705813 0.009244749159189892 0.9999272777613837 0.009155336600183707 -0.00784977709531067 -0.009064338150963693 0.9998922033106237 0.01155073731462649 0.007954681803423154 -0.011478744285149719 0.9999024759780538 
0.002454664657925248 -0.00317144264417867 0.009315433569287877 0.9999497081823238 0.00710599393301559 -0.007077143230819845 -0.007029298786243034 0.9999169325071249 0.010803566268397602 0.007153325426633108 -0.010753275583090109 0.9999165950215921 
0.002485591142057344 -0.0031753887635662193 0.008809498299903261 0.9999522878596455 0.007753887530234232 -0.005941315715318513 -0.007688470498779981 0.9999104295709162 0.0109553756984887 0.006025730300138111 -0.010909173363464576 0.9999223372396858 
0.0024980277911185143 -0.0031470738232546205 0.008736982694712623 0.9999618081379101 0.005565532965040812 -0.006738479678411738 -0.005485988029747697 0.9999157281902665 0.011766072117164935 0.006803396276771544 -0.011728655530106815 0.9999080719938994 
0.0023962507241636435 -0.0032104578782370776 0.008295363196592197 0.9999696852950203 0.001161460542216176 -0.007699318176758026 -0.0010740411299716294 0.9999350257104196 0.011348603136670413 0.007711998873781743 -0.011339989722719823 0.9999059604315095 
0.002325497368203048 -0.003242870264177784 0.008603637591558737 0.999965949529704 0.0023998749110677496 -0.0078955925406973 -0.0023191692600806465 0.9999451367859424 0.010214933777855883 0.007919673926405319 -0.010196274739046197 0.9999166538998865 
0.002511989628195193 -0.0032777227068832276 0.009364967803459487 0.9999719742176854 0.0006176084849803273 -0.00746118884254424 -0.0005463170462885669 0.9999542175922687 0.009553232809825427 0.0074667474089968305 -0.009548888898352037 0.9999265305030851 
0.0024913107695996232 -0.003243176512981143 0.009420770337509205 0.9999776432338003 -0.0003209664117264696 -0.006679072775241677 0.0003893713133862932 0.9999474643389726 0.01024289763881868 0.006675434259637567 -0.010245269280089658 0.9999252337224137 
0.0025016233426487493 -0.0032509130835922944 0.00948781458588905 0.9999721244590443 0.0017994098159731255 -0.0072465460172416035 -0.0017320247019921285 0.99995530524673 0.00929449295823692 0.00726294673651884 -0.009281682672511822 0.999930547573915 
0.0025043923086608775 -0.0037206751072720186 0.014035798114432776 0.9999685601730892 0.0021802149328500366 -0.0076239968655103145 -0.002112319723304483 0.9999581435714009 0.008902202571508646 0.007643086467211545 -0.008885818368851233 0.9999313103714527 
0.002564443142785068 -0.003700319056180446 0.014185867118629016 0.999964229379236 0.002520884301214798 -0.008073729270326574 -0.0024488407187735466 0.9999572112334602 0.008920699598982696 0.008095871856984642 -0.008900609223030867 0.999927615387401 
0.0025711379094979347 -0.003755386447728955 0.014753731564418124 0.9999578073444493 0.005298761056955189 -0.0075037765253598105 -0.005230034095230073 0.9999444681087627 0.009149177124008104 0.007551839129905826 -0.00910954608885851 0.9999299904972402 
0.002597055082303551 -0.0037634974566505344 0.01476347063039175 0.9999630631534493 0.004894731474723423 -0.007064979303660318 -0.0048391657605134555 0.9999573947674478 0.007860733085455254 0.007103154476221885 -0.007826254128818494 0.9999441459115594 
0.002548799910533315 -0.0036833478428593847 0.014715982999440658 0.9999689402735421 0.004041100150947763 -0.006766682922899281 -0.003985281688733951 0.9999580903122612 0.008242278138774359 0.006799707204761736 -0.008215054998323857 0.9999431368099407 
0.0025108460213920185 -0.0036858321480560045 0.01475926849607463 0.9999459273786142 0.008525437937309461 -0.005954765058366202 -0.008483569650359795 0.9999393635095558 0.0070212783801819265 0.006014263455382431 -0.006970381057130274 0.9999576203134849 
0.002459228629294726 -0.003637753810361524 0.014855291462993726 0.999907507800287 0.011772622180474885 -0.006810375291767342 -0.01171551686860076 0.9998963810446404 0.008365036660570462 0.006908148023924749 -0.00828447589331682 0.9999418207826156 
0.002460664177942694 -0.0036295279750908783 0.014867172311721575 0.9998440463253833 0.01636081122673924 -0.006648825737525657 -0.016300104057178043 0.9998258752342323 0.00908437228577684 0.006796295712382474 -0.008974578993157591 0.9999366316404682 
0.002449808995840751 -0.003663828836811405 0.015029617422998026 0.999888905848793 0.013370766446503873 -0.006587758733949797 -0.013308870839920437 0.9998677032220238 0.009351471033008403 0.006711923529808807 -0.009262756509156764 0.9999345735718823 
0.0024004747486804983 -0.0037118694987638952 0.01507324956802784 0.9998902145426087 0.01304623787178467 -0.007025278594389259 -0.01298019645093742 0.9998718928890065 0.0093654850728788 0.007146562952290008 -0.009273267382538666 0.9999314642264343 
0.002402660643493536 -0.0037044303584823995 0.015145877616020226 0.9999056518938227 0.011813981446052892 -0.00700836308859742 -0.011747697664643996 0.9998865762783442 0.009424764079331191 0.007118912161939825 -0.009341542740000259 0.9999310259557243 
0.0023908224188070103 -0.003714527672715541 0.01520885455723349 0.9999312795970015 0.010082733817862831 -0.005981184018351331 -0.010031605444588814 0.9999134059228196 0.008517484841826677 0.006066545615698625 -0.008456898638672241 0.9999458374780645 
0.0023325781492401798 -0.0037152086446996554 0.015253007635781192 0.9999653693793462 0.005253171119971344 -0.0064547839012633135 -0.0051968038503404776 0.9999484883495487 0.008718593762386932 0.0065002516696506 -0.008684747586242499 0.9999411592126781 
0.0022628809960256735 -0.003708969587071217 0.01522167113705467 0.9999747440001429 -0.00036507686067900196 -0.007097751808471106 0.0004281143094383315 0.9999604640691224 0.00888183634185592 0.007094228639317472 -0.008884650671312586 0.9999353653624128 
0.0022518443855239463 -0.0037255036764014884 0.01523217576877709 0.9999778425718823 -0.0008788692040767757 -0.0065986327527702395 0.00093946298777342 0.9999573729143961 0.009185301488453266 0.006590278793678651 -0.009191297137036937 0.9999360420958734 
0.002266913207525539 -0.003716562593566361 0.015319926485715306 0.9999766316906936 -0.0011092504207239708 -0.006745786539679707 0.0011794264220498962 0.9999451410573325 0.010407873420946824 0.006733871534991651 -0.01041558636542391 0.9999230823092418 
0.0022203201682258165 -0.003746623520611208 0.015241896261952192 0.9999724796827089 -0.0016893900750647214 -0.007223976632627669 0.0017620715433038874 0.9999477775296272 0.010066643801959988 0.0072065928905937545 -0.010079095928382346 0.9999232354756917 
0.0022194242620603875 -0.0037572636303085695 0.015246383636741547 0.9999728002806519 -0.002925540877927858 -0.006770517664330501 0.002995782371635238 0.9999415574318871 0.010387829834664358 0.006739731957076468 -0.010407830286073871 0.99992312358595 
0.0022124683153103464 -0.0037606267681534523 0.015222630863509095 0.9999681695963138 -0.0030911636068685355 -0.007355576235297449 0.003172002894208455 0.99993442263569 0.011004036798764 0.007321078597913989 -0.011027018444937442 0.9999123994992652 
0.0021224889701675184 -0.0038077617823053496 0.014983378751920453 0.9999588417015813 -0.001967523626516963 -0.008856847837176118 0.0020710881394020745 0.9999294170205121 0.011699212406723078 0.00883320421764502 -0.011717074199555649 0.9998923365420156 
0.002146544803465364 -0.003826316244231534 0.014984892024512749 0.9999601450857868 0.0010005761038960716 -0.0088717014981657 -0.0008828288165110345 0.9999116099726256 0.013266229880134947 0.00888419120083427 -0.013257868961947078 0.999872641918607 
0.002132043610801895 -0.0038218035351859914 0.014893634583817482 0.9999585368009627 0.0008094513016464196 -0.009070251786363628 -0.0006823467052689405 0.999901654664203 0.014007690843347364 0.00908069831299214 -0.01400092098325149 0.9998607478693067 
0.002126135578073473 -0.0038141214256767176 0.014869803417675794 0.9999587614829964 0.0013829057271243722 -0.00897568410438037 -0.0012527350566259253 0.9998942000430571 0.014492045236366886 0.008994775609743707 -0.014480203451778237 0.9998546983035713 
0.0021294528547535886 -0.0038180354471667195 0.01485144700357036 0.9999576445311442 -0.0010763914903427528 -0.009140597632826129 0.0012047372987760143 0.9999006044279277 0.014047415161009838 0.009124568579754706 -0.014057832195055853 0.9998595499379945 
0.0023174972211351687 -0.003767161607226291 0.015145898384898701 0.9999640904244903 0.0009037060933082757 -0.00842621960422918 -0.0007826031451403235 0.9998965205085116 0.014364393732026704 0.00843832885345168 -0.014357283526781417 0.9998613218921375 
0.002310884066691469 -0.0037497798429366545 0.015077137656708092 0.999971856900626 -0.001091579271847429 -0.0074225239243395835 0.0012060942541787846 0.9998800516106351 0.015441105134144121 0.0074047784142509876 -0.015449622837044536 0.9998532284344682 
0.0023045036750709686 -0.003726369878312056 0.015120586105830414 0.9999550292502198 -0.005412150326537798 -0.007787689389984492 0.005536829464907304 0.9998554056406125 0.016078287555670843 0.007699545224781429 -0.0161206836111023 0.9998404075467455 
0.0022864268172797454 -0.0037412228580723577 0.015049651906966992 0.99991634762068 -0.01035729231665654 -0.007747532303045842 0.010478704081427885 0.9998202918514212 0.015798125297415023 0.007582514206599151 -0.01587798784501 0.9998451855063866 
0.0022515299596709065 -0.0037783416914088626 0.015010390138379986 0.999871593062729 -0.01377620166004734 -0.008186186781542079 0.013902170861519096 0.9997826621913959 0.01553570168426365 0.007970384654313416 -0.015647512559733318 0.9998458022711079 
0.002222404908858603 -0.003791521164881997 0.014987722062339639 0.9997898545566852 -0.018892150854404134 -0.007958226034521098 0.019018029832323334 0.9996903004222438 0.016050476098259592 0.007652533359545187 -0.016198452943981406 0.99983951154943 
0.0021502438215667374 -0.003821433449083015 0.014962822038270752 0.9996053569524999 -0.026490670604869267 -0.009347444718735543 0.026641642233021165 0.9995102787179917 0.01641419008694498 0.008908044173285445 -0.0166567436189363 0.9998215839043584 
0.002128548744245611 -0.003840050134807544 0.014981314374011435 0.9995234952897815 -0.02945260228818308 -0.009237238881420938 0.029604425594103475 0.9994212714209696 0.01675411043702179 0.008738440875895037 -0.017019590175643008 0.9998169698506381 
0.0021299841728528958 -0.0038705718431554874 0.015044528100489646 0.9994534346950399 -0.03189205499320698 -0.008702224117876665 0.032035026281229714 0.999345262982631 0.016816731113293515 0.00816020633614209 -0.017086315649845488 0.9998207183540784 
0.002104420448465433 -0.0038001044056785874 0.015432635943854363 0.9994998183496898 -0.030010691316696994 -0.009973541278348718 0.030170186898513786 0.9994127431046069 0.016245883867418643 0.009480134041549487 -0.016538661578822927 0.9998182833553982 
0.0020633038268815652 -0.003834537017498135 0.015745247094750874 0.9994491859249358 -0.031258355560685805 -0.011146298113041407 0.03143236175373822 0.9993810948961771 0.015793473294382944 0.010645721608476459 -0.0161351285015024 0.9998131456625657 
0.00197820072691404 -0.003834308503282972 0.0158739980206119 0.9993156455849936 -0.034877898637745756 -0.012319605337124858 0.035095042799982774 0.9992241481367954 0.017872877528897112 0.011686678737552426 -0.01829300322283661 0.9997643660249022 
0.0019957154147578035 -0.0038659569125981306 0.015947519472538408 0.9993701445536634 -0.033111519586766856 -0.01276485195547238 0.03331527396886346 0.9993152976551086 0.01609435903853351 0.012223203146865423 -0.01650948645890633 0.9997889928188316 
0.0019971809992840868 -0.0038810686958038387 0.015970094003889386 0.9990338875437412 -0.04207072564872184 -0.012702188104004475 0.04227329533938201 0.9989759674209794 0.016124050870295066 0.012010830129050923 -0.016645436573080874 0.9997893125058412 
0.0018797508503533543 -0.0038611485787816806 0.01660315946066379 0.9992819378488413 -0.035239029804271536 -0.0139219060303564 0.035450971794385534 0.9992545669679388 0.015281982611909349 0.013373005941002655 -0.01576455429660735 0.9997862979356794 
0.0018362324936154345 -0.0039308948929051325 0.016533162726736956 0.9992836579282549 -0.03560842447233766 -0.012814488055490993 0.03580968040807599 0.9992331757309535 0.015834371086501344 0.012240824588154009 -0.016281910982172684 0.9997925092678833 
