0.000000 0.000000 0.000000 1.000000 0.000000 0.000000 0.000000 1.000000 0.000000 0.000000 0.000000 1.000000
-0.087362 0.126078 0.988166 0.999967 -0.000440 0.008104 0.000496 0.999976 -0.006874 -0.008101 0.006878 0.999944
0.864288 -0.071435 1.223433 0.999421 -0.004139 0.033786 0.004757 0.999823 -0.018226 -0.033705 0.018376 0.999263
0.066580 0.504445 1.402387 0.999566 -0.004312 0.029134 0.004822 0.999836 -0.017467 -0.029054 0.017600 0.999423
0.834906 1.078260 1.685957 0.998541 -0.008193 0.053381 0.008959 0.999860 -0.014116 -0.053258 0.014574 0.998474
0.714000 1.197670 2.671413 0.998143 -0.007740 0.060425 0.009079 0.999719 -0.021914 -0.060239 0.022422 0.997932
0.649520 0.917041 3.629061 0.997973 -0.006072 0.063350 0.008322 0.999341 -0.035323 -0.063094 0.035779 0.997366
0.408959 0.750603 4.585319 0.998298 -0.001394 0.058299 0.004216 0.998824 -0.048297 -0.058163 0.048460 0.997130
0.337592 0.701683 5.581568 0.998524 -0.000657 0.054306 0.003750 0.998375 -0.056863 -0.054180 0.056983 0.996904
0.224076 0.621525 6.571866 0.998833 0.003431 0.048172 -0.000330 0.997934 -0.064250 -0.048293 0.064159 0.996771
0.086370 0.557395 7.560260 0.999020 0.003922 0.044093 -0.000875 0.997622 -0.068911 -0.044258 0.068805 0.996648
-0.061955 0.473505 8.545634 0.998630 0.002440 0.052272 0.000750 0.998143 -0.060904 -0.052324 0.060860 0.996774
-0.471738 0.414012 9.455875 0.998438 0.002227 0.055830 0.000538 0.998776 -0.049468 -0.055872 0.049421 0.997214
-0.685761 0.413544 10.432704 0.998197 0.000542 0.060020 0.001819 0.999227 -0.039268 -0.059995 0.039306 0.997425
-0.735850 0.313692 11.426445 0.997669 0.003456 0.068150 -0.001449 0.999564 -0.029476 -0.068222 0.029309 0.997240
-0.795575 0.168017 12.413973 0.997168 0.001699 0.075186 -0.000389 0.999848 -0.017431 -0.075204 0.017353 0.997017
-1.323987 -0.006171 13.244900 0.996847 0.000765 0.079347 -0.000404 0.999990 -0.004561 -0.079350 0.004515 0.996837
-1.621179 -0.054167 14.198510 0.996401 -0.000859 0.084763 -0.000020 0.999946 0.010361 -0.084767 -0.010326 0.996347
-1.923907 -0.137327 15.147952 0.995856 -0.002910 0.090894 0.000562 0.999666 0.025847 -0.090939 -0.025688 0.995525
-2.132660 -0.348532 16.102842 0.995235 -0.002013 0.097489 -0.001915 0.999191 0.040176 -0.097491 -0.040171 0.994425
-2.359513 -0.566316 17.052109 0.994505 0.000632 0.104688 -0.006528 0.998410 0.055987 -0.104486 -0.056363 0.992928
-2.650839 -0.679139 18.002057 0.993739 -0.001582 0.111713 -0.006678 0.997271 0.073527 -0.111525 -0.073813 0.991017
-3.066532 -0.922320 18.878449 0.993067 -0.002504 0.117526 -0.008035 0.995989 0.089113 -0.117278 -0.089439 0.989063
-3.263950 -1.059692 19.849095 0.992117 -0.001351 0.125306 -0.012059 0.994272 0.106195 -0.124732 -0.106869 0.986418
-3.418569 -0.923328 20.827614 0.991102 -0.007496 0.132896 -0.009290 0.992083 0.125240 -0.132783 -0.125360 0.983185
-3.675831 -0.893549 21.793496 0.990140 -0.009911 0.139729 -0.010290 0.989652 0.143118 -0.139702 -0.143145 0.979792
-2.841200 -1.189139 22.258273 0.983128 -0.011503 0.182556 -0.016135 0.988677 0.149191 -0.182205 -0.149619 0.971810
-3.312236 -1.287446 23.134892 0.982290 -0.012474 0.186949 -0.018729 0.986247 0.164213 -0.186426 -0.164806 0.968548
-3.874786 -1.219908 23.958892 0.981703 -0.016047 0.189740 -0.018656 0.983544 0.179704 -0.189501 -0.179956 0.965249
-4.308366 -1.250486 24.859488 0.980981 -0.019143 0.193160 -0.018900 0.980976 0.193208 -0.193184 -0.193184 0.961956
-4.594357 -1.381739 25.808689 0.980107 -0.019747 0.197486 -0.021665 0.978448 0.205355 -0.197285 -0.205548 0.958556
-3.741355 -1.203585 26.299249 0.973815 -0.016360 0.226754 -0.035227 0.974502 0.221594 -0.224598 -0.223779 0.948408
-4.208729 -1.166932 27.182548 0.973210 -0.025808 0.228467 -0.029403 0.971551 0.234997 -0.228032 -0.235419 0.944764
-4.952037 -1.255677 27.845585 0.974828 -0.029170 0.221042 -0.026848 0.968833 0.246254 -0.221336 -0.245990 0.943663
-5.579694 -1.264045 28.624030 0.976618 -0.034901 0.212131 -0.022262 0.965012 0.261259 -0.213828 -0.259873 0.941671
-5.769752 -1.296817 29.605255 0.976595 -0.048139 0.209629 -0.012006 0.960911 0.276597 -0.214749 -0.272640 0.937843
-6.384170 -1.307428 30.394165 0.979298 -0.056953 0.194246 -0.001545 0.957472 0.288521 -0.202417 -0.282848 0.937563
-6.970638 -1.193935 31.196147 0.981974 -0.073962 0.173945 0.018120 0.952861 0.302864 -0.188146 -0.294253 0.937025
-6.225712 -1.686686 31.645904 0.972153 -0.075663 0.221799 0.009147 0.957975 0.286705 -0.234170 -0.276692 0.931990
-6.996701 -1.650527 32.281726 0.976063 -0.081579 0.201608 0.019441 0.956002 0.292716 -0.216617 -0.281790 0.934704
-7.850011 -1.663089 32.802979 0.980462 -0.088851 0.175500 0.033463 0.954510 0.296296 -0.193842 -0.284634 0.938834
-8.649649 -1.674841 33.403346 0.983617 -0.098158 0.151205 0.049069 0.952874 0.299372 -0.173465 -0.287047 0.942079
-8.796148 -1.737626 34.390562 0.984535 -0.102258 0.142247 0.055145 0.951585 0.302398 -0.166282 -0.289877 0.942508
-9.737012 -1.793703 34.724673 0.988065 -0.111415 0.106366 0.074951 0.951017 0.299914 -0.134570 -0.288363 0.948018
-10.672951 -1.659892 35.050422 0.990693 -0.118952 0.066163 0.093808 0.948892 0.301338 -0.098626 -0.292327 0.951219
-11.316149 -0.972441 35.387628 0.990917 -0.133362 0.017244 0.120226 0.936066 0.330646 -0.060236 -0.325570 0.943597
-11.049141 -1.393707 36.254371 0.989180 -0.145973 0.014649 0.133069 0.934787 0.329342 -0.061768 -0.323829 0.944097
-10.605204 -1.706444 37.094082 0.986443 -0.162987 0.019120 0.147571 0.931985 0.331100 -0.071784 -0.323790 0.943402
-11.093428 -1.687432 37.966593 0.984663 -0.174469 -0.000275 0.164892 0.930096 0.328227 -0.057010 -0.323238 0.944599
-11.185634 -1.809623 38.954807 0.984283 -0.176554 -0.003999 0.168444 0.931787 0.321559 -0.053046 -0.317178 0.946881
-12.143283 -1.660960 39.201400 0.981567 -0.187281 -0.038098 0.189861 0.932732 0.306535 -0.021873 -0.308118 0.951097
-13.124990 -1.610771 39.385064 0.977587 -0.198287 -0.070746 0.210304 0.935301 0.284577 0.009740 -0.293077 0.956039
-13.939952 -1.095231 39.649744 0.969234 -0.209856 -0.128629 0.238333 0.930721 0.277408 0.061502 -0.299530 0.952103
-14.646755 -0.457358 39.955599 0.956922 -0.214511 -0.195667 0.263788 0.923892 0.277199 0.121313 -0.316873 0.940678
-14.611903 -0.592869 40.945762 0.955917 -0.217693 -0.197058 0.266096 0.925978 0.267876 0.124156 -0.308504 0.943086
-15.483442 -0.340201 41.365974 0.951203 -0.225157 -0.210993 0.276011 0.926555 0.255566 0.137954 -0.301332 0.943487
-15.347673 -0.646678 42.308120 0.950033 -0.227005 -0.214259 0.276822 0.929888 0.242234 0.144249 -0.289442 0.946264
-16.331998 -0.780574 42.422908 0.942026 -0.236458 -0.238066 0.288422 0.933192 0.214397 0.171465 -0.270631 0.947290
-15.987556 -0.835239 43.360122 0.941021 -0.239551 -0.238944 0.289761 0.935198 0.203578 0.174692 -0.260808 0.949453
-16.562194 -0.052287 43.598403 0.930474 -0.235268 -0.280832 0.298081 0.931830 0.206981 0.212992 -0.276301 0.937172
-16.680735 -0.480767 44.494144 0.929618 -0.234898 -0.283959 0.295499 0.935544 0.193490 0.220206 -0.263781 0.939111
-17.654969 -0.368308 44.689646 0.921995 -0.241210 -0.302890 0.301941 0.937602 0.172436 0.242398 -0.250440 0.937296
-17.837907 -0.229669 43.716346 0.918835 -0.249725 -0.305581 0.308149 0.937751 0.160212 0.246550 -0.241372 0.938591
-16.892188 -0.520916 43.572156 0.923827 -0.258173 -0.282648 0.309935 0.937802 0.156421 0.224685 -0.232108 0.946384
-17.135970 -0.175923 42.665762 0.922802 -0.261065 -0.283339 0.310012 0.939802 0.143751 0.228754 -0.220492 0.948185
-16.978301 -0.505129 43.596763 0.919695 -0.266991 -0.287883 0.314191 0.940166 0.131806 0.235467 -0.211671 0.948552
-16.998206 -0.615522 44.590452 0.919086 -0.267741 -0.289130 0.312245 0.942409 0.119872 0.240384 -0.200452 0.949755
-17.055665 -0.656070 45.587976 0.919206 -0.265893 -0.290451 0.307688 0.945293 0.108390 0.245741 -0.189001 0.950731
-17.162691 -0.177510 44.716469 0.916601 -0.271220 -0.293738 0.311328 0.945153 0.098793 0.250833 -0.182002 0.950767
-17.327595 0.234065 43.820136 0.915202 -0.273777 -0.295721 0.311355 0.946252 0.087553 0.255856 -0.172203 0.951254
-16.464619 -0.236281 43.635619 0.922494 -0.284706 -0.260669 0.315132 0.945445 0.082611 0.222928 -0.158353 0.961887
-15.597950 -0.733227 43.679542 0.923765 -0.292891 -0.246723 0.319370 0.944715 0.074271 0.211330 -0.147405 0.966236
-14.680521 -1.127848 43.628564 0.931081 -0.299691 -0.208023 0.320684 0.944208 0.075048 0.173926 -0.136585 0.975241
-14.718324 -0.752529 42.702440 0.930210 -0.300710 -0.210435 0.320212 0.945120 0.064900 0.179371 -0.127754 0.975451
-15.699808 -0.920052 42.609560 0.918484 -0.306601 -0.249767 0.319577 0.947483 0.012120 0.232933 -0.090952 0.968230
-16.596785 -0.509052 42.446740 0.915986 -0.299420 -0.267054 0.309994 0.950735 -0.002693 0.254704 -0.080318 0.963678
-15.622325 -0.732190 42.421501 0.918171 -0.307115 -0.250286 0.317196 0.948360 -0.000060 0.237380 -0.079335 0.968172
-14.658056 -0.996712 42.406888 0.924979 -0.318623 -0.207105 0.328693 0.944314 0.015229 0.190720 -0.082161 0.978200
-15.138319 -0.861893 41.540186 0.923012 -0.318310 -0.216165 0.326396 0.945231 0.001810 0.203750 -0.072226 0.976355
-15.158117 -0.924501 42.538028 0.927399 -0.304262 -0.217612 0.310031 0.950693 -0.007985 0.209312 -0.060061 0.976003
-15.041370 -0.803336 41.552285 0.927190 -0.298766 -0.225957 0.303815 0.952643 -0.012939 0.219122 -0.056653 0.974051
-15.164305 -0.886814 42.541183 0.928792 -0.287035 -0.234428 0.291360 0.956467 -0.016753 0.229031 -0.052743 0.971989
-14.274395 -1.213187 42.222529 0.933408 -0.279197 -0.225383 0.283516 0.958870 -0.013658 0.219927 -0.051151 0.974174
-14.146032 -1.150541 41.232782 0.936429 -0.261811 -0.233574 0.265406 0.963996 -0.016485 0.229480 -0.046555 0.972199
-14.314175 -0.318016 40.704927 0.936652 -0.241406 -0.253785 0.248989 0.968504 -0.002312 0.246349 -0.061024 0.967258
-14.329245 -0.084593 39.732669 0.937389 -0.225495 -0.265432 0.233566 0.972340 -0.001191 0.258359 -0.060879 0.964129
-14.291304 0.076853 38.746517 0.940371 -0.202814 -0.273072 0.209671 0.977763 -0.004158 0.267843 -0.053345 0.961985
-14.284413 0.335773 37.780643 0.941157 -0.183359 -0.283906 0.190136 0.981751 -0.003749 0.279412 -0.050452 0.958845
-14.258335 0.533037 36.800639 0.942328 -0.160929 -0.293462 0.167242 0.985909 -0.003626 0.289910 -0.045662 0.955964
-14.239023 0.596787 35.802860 0.944435 -0.133999 -0.300146 0.138381 0.990356 -0.006715 0.298151 -0.035192 0.953870
-13.879476 0.077545 35.027545 0.949151 -0.126133 -0.288451 0.123613 0.991963 -0.027014 0.289540 -0.010016 0.957114
-13.938524 0.431232 34.094047 0.948138 -0.091229 -0.304485 0.089903 0.995780 -0.018402 0.304879 -0.009926 0.952339
-14.235591 1.384180 34.154399 0.931153 0.007983 -0.364542 0.028433 0.995127 0.094417 0.363519 -0.098282 0.926388
-13.845539 2.291609 34.310705 0.936495 0.073164 -0.342963 -0.014656 0.985305 0.170175 0.350374 -0.154341 0.923806
-13.708066 3.258255 34.526797 0.932825 0.178668 -0.312915 -0.077038 0.947221 0.311187 0.351999 -0.266176 0.897355
-13.682098 3.682696 33.621714 0.926447 0.197803 -0.320267 -0.092279 0.944190 0.316210 0.364940 -0.263398 0.892995
-13.583441 3.207891 34.496258 0.919354 0.217558 -0.327805 -0.107359 0.940302 0.322966 0.378499 -0.261727 0.887827
-13.272943 3.549689 33.609260 0.909850 0.250566 -0.330741 -0.141088 0.936412 0.321290 0.390214 -0.245662 0.887346
-12.953565 3.115444 34.451536 0.910047 0.249294 -0.331161 -0.132325 0.931851 0.337851 0.392817 -0.263640 0.881016
-12.992287 3.555546 33.554423 0.901667 0.270780 -0.337158 -0.150453 0.927406 0.342463 0.405415 -0.258061 0.876951
-12.879083 3.108338 34.441661 0.900038 0.274882 -0.338189 -0.147357 0.922240 0.357433 0.410143 -0.271869 0.870557
-12.017263 2.841243 34.872851 0.869763 0.104503 0.482277 -0.190180 0.972810 0.132184 -0.455350 -0.206688 0.865989
-12.395974 3.395749 35.613864 0.859615 0.130849 0.493903 -0.234492 0.959871 0.153825 -0.453956 -0.248046 0.855802
-13.148826 3.016696 36.151946 0.853301 0.177528 0.490267 -0.280291 0.949023 0.144196 -0.439675 -0.260460 0.859561
-13.922574 2.633451 36.656364 0.858927 0.171330 0.482587 -0.278109 0.947356 0.158655 -0.429999 -0.270485 0.861359
-13.185150 3.038179 36.115623 0.850398 0.237326 0.469574 -0.337579 0.930679 0.140983 -0.403564 -0.278410 0.871564
-13.832323 2.378794 36.498218 0.859844 0.245936 0.447419 -0.339623 0.929847 0.141566 -0.381215 -0.273678 0.883049
-14.483627 1.687775 36.811740 0.866728 0.258725 0.426431 -0.346968 0.926938 0.142823 -0.358323 -0.271747 0.893173
-15.171313 0.975940 36.954490 0.877154 0.273827 0.394487 -0.352762 0.924809 0.142435 -0.325822 -0.264098 0.907795
-15.773020 0.395933 37.503617 0.881771 0.284761 0.376020 -0.359299 0.921994 0.144329 -0.305589 -0.262369 0.915302
-16.283184 -0.188916 38.134240 0.884618 0.299133 0.357728 -0.369530 0.917597 0.146506 -0.284425 -0.261794 0.922262
-16.932136 -0.869860 38.473618 0.890937 0.312170 0.329821 -0.375540 0.914820 0.148574 -0.255347 -0.256231 0.932279
-17.359451 -1.329150 39.252370 0.892861 0.324616 0.312129 -0.384258 0.910600 0.152161 -0.234831 -0.255797 0.937775
-17.737409 -1.743881 40.080105 0.895136 0.333561 0.295751 -0.389696 0.907677 0.155756 -0.216492 -0.254675 0.942482
-18.146161 -2.393454 40.721179 0.898391 0.342795 0.274565 -0.393577 0.905802 0.156906 -0.194915 -0.249026 0.948680
-18.641655 -3.066670 41.270057 0.900782 0.353866 0.251737 -0.399385 0.902674 0.160220 -0.170540 -0.244864 0.954441
-19.044706 -3.586140 42.023516 0.898892 0.371507 0.232325 -0.413003 0.895468 0.166028 -0.146359 -0.245192 0.958363
-19.459310 -4.259672 42.635446 0.898893 0.384433 0.210246 -0.420753 0.891242 0.169275 -0.122305 -0.240622 0.962882
-19.820791 -4.822349 43.378902 0.894565 0.403315 0.192588 -0.435684 0.883015 0.174541 -0.099663 -0.240046 0.965632
-20.164654 -5.408836 44.112244 0.889654 0.422223 0.173906 -0.450260 0.874542 0.180118 -0.076038 -0.238546 0.968150
-20.542310 -6.101366 44.726880 0.887832 0.434954 0.150233 -0.457452 0.869654 0.185582 -0.049931 -0.233490 0.971076
-20.776145 -6.666069 45.518355 0.884091 0.448657 0.130729 -0.466524 0.863627 0.191060 -0.027180 -0.229902 0.972834
-21.132122 -7.353662 46.151202 0.877155 0.467804 0.108435 -0.480207 0.854526 0.197956 -0.000056 -0.225709 0.974195
-21.384458 -8.053570 46.819375 0.871160 0.482886 0.088888 -0.490483 0.847571 0.202610 0.022499 -0.220104 0.975217
-21.644128 -8.676203 47.557549 0.862681 0.501411 0.066102 -0.503233 0.838004 0.210962 0.050385 -0.215257 0.975257
-21.859960 -9.304357 48.305104 0.852326 0.520970 0.046158 -0.517489 0.827248 0.218783 0.075795 -0.210361 0.974681
-22.059455 -9.884606 49.094732 0.838125 0.544775 0.027694 -0.535979 0.813032 0.227389 0.101360 -0.205424 0.973410
-22.424780 -10.668745 49.596393 0.826039 0.563601 -0.003687 -0.546496 0.802535 0.239334 0.137848 -0.195685 0.970930
-22.490061 -11.195240 50.444061 0.814282 0.580392 -0.009531 -0.560644 0.790619 0.246171 0.150411 -0.195109 0.969180
-22.772440 -11.996441 50.971640 0.800777 0.597863 -0.036287 -0.570662 0.779942 0.256974 0.181937 -0.185071 0.965737
-23.160725 -12.902645 51.139061 0.778413 0.607033 -0.159950 -0.553165 0.783747 0.282401 0.296787 -0.131346 0.945868
-23.551826 -13.756966 51.481370 0.744057 0.618331 -0.253072 -0.542767 0.780297 0.310711 0.389594 -0.093828 0.916195
-23.742549 -14.494091 52.129653 0.721073 0.634330 -0.278711 -0.551018 0.768880 0.324351 0.420041 -0.080306 0.903945
-23.841668 -15.196132 52.834859 0.696234 0.654089 -0.295679 -0.565785 0.753554 0.334729 0.441753 -0.065759 0.894724
-24.132991 -16.016623 53.326717 0.659642 0.669506 -0.341518 -0.567144 0.741579 0.358340 0.493174 -0.042686 0.868883
-24.070083 -16.754461 53.998757 0.634651 0.688579 -0.350824 -0.584054 0.724651 0.365735 0.506062 -0.027215 0.862068
-24.410289 -17.584569 54.440549 0.576733 0.700882 -0.419694 -0.569915 0.713266 0.407980 0.585300 0.003894 0.810808
-24.709602 -18.461899 54.815653 0.539797 0.717008 -0.441042 -0.580548 0.696486 0.421747 0.609576 0.028388 0.792219
