0.000000 0.000000 0.000000 1.000000 0.000000 0.000000 0.000000 1.000000 0.000000 0.000000 0.000000 1.000000
0.044910 0.809350 0.585607 0.999985 -0.003966 -0.003860 0.003971 0.999991 0.001190 0.003855 -0.001205 0.999992
0.098485 1.607594 1.185554 0.999941 -0.008503 -0.006814 0.008481 0.999959 -0.003206 0.006841 0.003148 0.999972
0.205882 2.473920 1.673349 0.999946 -0.007400 -0.007285 0.007311 0.999900 -0.012136 0.007374 0.012083 0.999900
0.229052 3.349229 2.156358 0.999952 -0.006601 -0.007189 0.006450 0.999764 -0.020741 0.007324 0.020694 0.999759
0.301581 4.219258 2.643994 0.999982 0.000712 -0.005958 -0.000895 0.999525 -0.030793 0.005934 0.030798 0.999508
0.317633 5.092142 3.131659 0.999979 0.002046 -0.006130 -0.002276 0.999280 -0.037874 0.006048 0.037887 0.999264
0.352739 6.000479 3.548422 0.999955 0.007908 -0.005334 -0.008129 0.999049 -0.042834 0.004990 0.042876 0.999068
0.283207 6.980899 3.732653 0.999962 0.004816 -0.007268 -0.005026 0.999561 -0.029189 0.007124 0.029224 0.999547
0.293183 7.970462 3.876411 0.999973 0.004150 -0.006098 -0.004202 0.999955 -0.008499 0.006063 0.008525 0.999945
0.341196 8.945243 4.094350 0.999974 0.005964 -0.004103 -0.005953 0.999979 0.002521 0.004118 -0.002496 0.999988
0.370731 9.926492 4.284817 0.999989 -0.001238 -0.004472 0.001272 0.999970 0.007700 0.004463 -0.007706 0.999960
0.391228 10.895353 4.531572 0.999997 0.001944 -0.001786 -0.001939 0.999995 0.002683 0.001791 -0.002680 0.999995
0.391224 11.880892 4.701019 0.999999 0.000903 -0.001276 -0.000900 0.999996 0.002703 0.001279 -0.002702 0.999996
0.409180 12.867882 4.841090 0.999999 0.001155 -0.000755 -0.001151 0.999986 0.005108 0.000761 -0.005107 0.999987
-0.142231 12.089611 4.540692 0.999961 0.006481 -0.006012 -0.006570 0.999868 -0.014873 0.005915 0.014912 0.999871
-0.362572 11.127440 4.380448 0.999942 0.001668 -0.010649 -0.002075 0.999267 -0.038233 0.010578 0.038253 0.999212
-0.320221 10.164024 4.115805 0.999939 0.007874 -0.007716 -0.008211 0.998964 -0.044752 0.007355 0.044813 0.998968
-0.319564 9.177117 3.954517 0.999912 0.010469 -0.008183 -0.010934 0.998198 -0.059010 0.007550 0.059094 0.998224
-0.350809 8.187907 3.811384 0.999905 0.005193 -0.012765 -0.006245 0.996466 -0.083766 0.012285 0.083838 0.996404
-0.284501 7.196604 3.697708 0.999868 0.010222 -0.012633 -0.011474 0.994582 -0.103324 0.011508 0.103455 0.994568
-0.278809 6.200868 3.605634 0.999796 0.002128 -0.020082 -0.004905 0.990244 -0.139257 0.019590 0.139327 0.990053
-0.369995 5.291192 3.200450 0.999481 -0.012743 -0.029578 0.009275 0.993373 -0.114559 0.030842 0.114225 0.992976
-0.444329 4.387219 2.779371 0.999264 -0.018289 -0.033733 0.014971 0.995257 -0.096123 0.035331 0.095548 0.994798
-0.523103 3.567553 2.211971 0.999182 -0.020236 -0.035002 0.017503 0.996900 -0.076706 0.036446 0.076031 0.996439
-0.532758 2.571309 2.125922 0.999376 -0.015097 -0.031922 0.011723 0.994575 -0.103363 0.033310 0.102925 0.994131
-0.501979 1.572642 2.084476 0.999518 -0.008931 -0.029722 0.005060 0.991777 -0.127880 0.030620 0.127668 0.991344
-0.405240 0.577601 2.061369 0.999648 0.003635 -0.026292 -0.007523 0.988759 -0.149330 0.025454 0.149475 0.988438
-0.498608 -0.286286 1.550311 0.999627 0.000876 -0.027310 -0.004563 0.990803 -0.135235 0.026941 0.135309 0.990437
-0.409194 -1.282079 1.570341 0.999641 0.009503 -0.025050 -0.013129 0.988780 -0.148801 0.023354 0.149076 0.988550
-1.138100 -0.693900 1.920688 0.999011 0.018832 -0.040275 -0.023562 0.992445 -0.120407 0.037703 0.121237 0.991907
-0.925417 -0.612265 0.946982 0.998881 0.015749 -0.044591 -0.020958 0.992687 -0.118884 0.042393 0.119686 0.991906
-0.788889 0.378336 0.938636 0.998997 0.011464 -0.043287 -0.016203 0.993713 -0.110778 0.041745 0.111369 0.992902
-0.674194 1.371374 0.965462 0.999070 0.016185 -0.039961 -0.019601 0.996048 -0.086624 0.038401 0.087326 0.995439
-0.707718 2.367004 1.052623 0.999094 0.015464 -0.039644 -0.018548 0.996730 -0.078641 0.038298 0.079305 0.996114
-0.520560 3.289284 1.390812 0.998994 0.022064 -0.039036 -0.025575 0.995444 -0.091853 0.036831 0.092759 0.995007
-0.539270 4.288949 1.372918 0.998919 0.028789 -0.036491 -0.031601 0.996377 -0.078960 0.034086 0.080028 0.996210
-0.630783 5.284687 1.384294 0.998932 0.029611 -0.035476 -0.032166 0.996756 -0.073778 0.033176 0.074840 0.996644
-0.883182 6.243182 1.516896 0.999032 0.026588 -0.035053 -0.028852 0.997420 -0.065741 0.033215 0.066688 0.997221
-1.007769 7.227109 1.644821 0.999064 0.023495 -0.036315 -0.025379 0.998308 -0.052313 0.035024 0.053186 0.997970
-0.998109 8.125290 2.084342 0.999036 0.027556 -0.034169 -0.029813 0.997280 -0.067400 0.032219 0.068354 0.997141
-0.974104 9.123391 2.141065 0.998871 0.031264 -0.035775 -0.033488 0.997429 -0.063348 0.033703 0.064475 0.997350
-0.994321 10.130536 2.132481 0.998383 0.030345 -0.048073 -0.033758 0.996844 -0.071845 0.045742 0.073352 0.996257
-0.891038 10.976205 2.656100 0.998330 0.026235 -0.051476 -0.030714 0.995625 -0.088243 0.048936 0.089676 0.994768
