0.0 0.0 0.0 1.0 0.0 0.0 0.0 1.0 0.0 0.0 0.0 1.0 
-0.013055075190911713 -0.010529318739409129 -0.01312316676653472 0.9999682547934288 -0.000684585759657582 -0.007938560808106267 0.000725465000270412 0.9999864872659069 0.005147716594035604 0.007934929482973741 -0.005153312326713188 0.9999552391313271 
-0.007121827150475836 -0.008370576542332333 0.005099870268002548 0.99994744883188 -0.0012810319521519395 -0.010171456717309827 0.0013548499665821069 0.9999727730261966 0.007253798168320448 0.01016188743209616 -0.00726719777054694 0.9999219588949835 
-0.007860254006051772 -0.019355696977230104 -0.016805364018829327 0.9999362952651408 -0.0030929024869778663 -0.010855384177040841 0.0031513101953132027 0.9999806291132463 0.0053675545948847474 0.010838572575667777 -0.00540142133907358 0.9999266723075446 
-0.008671680721587078 -0.019236269868120468 -0.014851074135411176 0.9999180143161501 -0.00014501596996255192 -0.012804046876506027 0.00021189960804736017 0.9999863405653122 0.005222430598047381 0.01280311464462524 -0.005224715606017994 0.9999043867301677 
-0.008353938573123089 -0.018773040602687148 -0.013151250221863597 0.9998804264178531 -0.00860221717762411 -0.012850475714192414 0.008678599093805911 0.9999449344131967 0.0059000050132838764 0.012799014970733161 -0.006010823655437943 0.9999000226096417 
-0.008522177869811853 -0.018758677148299083 -0.003749587131064949 0.999743270479659 -0.01847059972888607 -0.013123645693579596 0.018568352150846307 0.9998004579918353 0.007366172528433141 0.01298496935065685 -0.007607965889234494 0.9998867483000216 
-0.009042597804784374 -0.018727088009817424 -0.0025383527931625944 0.9996983191090419 -0.019477808087069025 -0.014962812659371544 0.019577006980007687 0.999787144232723 0.00651206761950999 0.014832786935059477 -0.006803030141021628 0.9998668447411583 
-0.008089949558503291 -0.018708371825922977 0.009207119295351337 0.9998136829333962 -0.013192615929527139 -0.014090929852008452 0.01325940870477106 0.9999012441136034 0.004657263238012598 0.014028096804558968 -0.004843232908325693 0.9998898717334013 
-0.007698339669324528 -0.018760507901099118 0.008902703840373484 0.9998557386365822 -0.011308916072756746 -0.012673213197693087 0.011348453328830504 0.9999309459912191 0.003052188747262124 0.012637821115136658 -0.0031955698028523515 0.999915033295878 
-0.0077732916553587845 -0.018954426172287684 0.009587244415024973 0.9998811685026583 -0.008107714190714608 -0.013111591984210918 0.008147162916615389 0.9999624360426499 0.0029580804687257684 0.013087116189935277 -0.003064551231585928 0.9999096638774826 
-0.007902865269646182 -0.018651525610770454 0.01062555159533007 0.9998918920649417 -0.006948246692177472 -0.012958628426485515 0.006995958183768028 0.9999689024845184 0.0036401418926572744 0.012932932841472686 -0.0037304063870246284 0.9999094075546572 
-0.007781118752121222 -0.018620372340244856 0.016058124907450344 0.9998854858551668 -0.0096657177037081 -0.011644272302261878 0.009711768586796059 0.9999452156358536 0.0039047762910020137 0.011605891912882893 -0.004017415616845489 0.9999245789781688 
-0.0071225927456805985 -0.018653962234460336 0.013945108985230388 0.9999608773600652 -0.003506834653197795 -0.008120705634596888 0.0035326619041634822 0.9999887411430293 0.0031682624655394566 0.008109503632129072 -0.0031968262221780553 0.9999620074047542 
-0.006987979404525948 -0.01842452114107984 0.010955193115516461 0.9999668917142761 -0.0031963989899526472 -0.007483215136975035 0.0032289390360837724 0.9999853674689843 0.004340368719565154 0.00746923208840621 -0.004364387862868624 0.999962580645192 
-0.007952883957910979 -0.018368222016224987 0.011469596136905721 0.9999303690216907 -0.007023254501647529 -0.009483195893283025 0.007062636396292029 0.9999665482213902 0.004125724825022977 0.009453902648063573 -0.004192413911236277 0.9999465222652248 
-0.008029844727882209 -0.018283284381846725 0.008264022006333879 0.9999182014770268 -0.009002706722715798 -0.009085242242930237 0.009026843476433151 0.9999558269737907 0.0026191979715679764 0.009061261049099762 -0.0027009947847149458 0.9999552980885561 
-0.003297641717116971 -0.01466852648983174 -0.017005186188402358 0.9999761862281823 -0.0024540358009831694 -0.006450169364224691 0.0024605105741980324 0.9999964768591729 0.0009960707585213292 0.006447702246067938 -0.001011917748245617 0.9999787013522922 
-0.0033411484232955093 -0.014660862106413852 -0.016882422232441834 0.9999615984622808 0.0003889894864147757 -0.008755015016537642 -0.00038106354622123963 0.999999516113478 0.0009069528010996226 0.00875536357520818 -0.000903581755648003 0.9999612628240541 
-0.00416531306752947 -0.014665648796648821 -0.01486475374432806 0.9999425800955064 -0.0007591674750245281 -0.010689255197930134 0.0007622294068210083 0.9999996696343127 0.0002823784635813061 0.010689037294021797 -0.00029050991408578053 0.999942828408563 
-0.004179419440942403 -0.014956888163774242 -0.01562551209596538 0.9999183359240045 -0.006557285503177799 -0.010969206434363016 0.006553300271879838 0.9999784472091688 -0.00039921508750160586 0.010971587784657077 0.0003272979824617845 0.9999397567541328 
0.14514310508785178 -0.0731088885956841 -0.9992046970606552 0.9998343219441754 -0.016425575050892913 -0.007844051674898222 0.016415983241901265 0.9998644221203407 -0.0012856407581171342 0.00786410558376514 0.0011566599348121038 0.9999684084915696 
0.133846847127544 -0.08568786478937725 -1.0050671006723408 0.9997948628692068 -0.017727922455996272 -0.009795557449081158 0.01768585469763827 0.9998340664437244 -0.004364644569749715 0.009871308117878425 0.004190506413358958 0.9999424968127125 
0.11558155025388372 -0.09166749492906118 -0.977531637398311 0.999746207744957 -0.018638508747961687 -0.012654093852557058 0.018604387553353755 0.999822977902158 -0.002808847205791511 0.012704206521533822 0.0025727126759555992 0.9999159886141161 
0.08774579218569156 -0.09512628592332553 -0.8536129105518651 0.9997392823599915 -0.019028960385923124 -0.012620062319976682 0.018969867607912805 0.999808602047212 -0.004785749192947095 0.012708714697694145 0.004545100552298245 0.9999089111672633 
0.0722695707520602 -0.10497471328787167 -0.8295591560574604 0.9993780307264506 -0.02881551041763742 -0.02032776575752144 0.028612652867056644 0.9995385250973443 -0.010200634398649875 0.020612321490578088 0.009612658612300403 0.9997413310437717 
0.06322756334030022 -0.10617063580928608 -0.8041680932674314 0.9990284872222105 -0.036560531999697915 -0.024605064893242372 0.03636637567368958 0.9993041159829406 -0.008292798075060948 0.024891131731234764 0.0073899444823842045 0.9996628533068964 
0.0703080351964509 -0.10786992787514382 -0.8442746617414372 0.9993789257369701 -0.02296683444442125 -0.026726154014787482 0.022845135508496046 0.9997272511849269 -0.00485005379646243 0.02683025487053838 0.004236478942786381 0.9996310267642503 
0.09797657761254026 -0.16106482351755064 -0.9365504827899208 0.9994579122473738 -0.021658621986915885 -0.024794873255349095 0.02148784651084356 0.9997436606537128 -0.007133402767300327 0.02494301702776491 0.006596747406258894 0.9996671090043978 
0.10572013146260706 -0.1759010271517844 -0.8965669903993501 0.9994402820447189 -0.02472135314515548 -0.02253835231433677 0.02453401612546311 0.9996624248604358 -0.008550928306865052 0.02274213444530162 0.007993185899636093 0.9997094099287281 
0.10760478785903871 -0.16353056056765472 -0.9250797550576487 0.9997781059068204 -0.004120099611393322 -0.020658260540589637 0.003971891385193252 0.9999661180507835 -0.007210189267326474 0.020687267296453486 0.007126537001843101 0.999760596063961 
0.11089833598408617 -0.15780722701732752 -0.9352640706225376 0.9997924910754028 -0.0076058366772617314 -0.01889777864404619 0.007496835899126686 0.9999548911325794 -0.005832079520456357 0.018941284030976183 0.00568919576655447 0.9998044112779197 
0.11287756484698137 -0.15508255567585547 -0.913157907761126 0.9998283241077932 -0.0008375842676843021 -0.01851001794694499 0.0007427732915957717 0.9999865736801087 -0.005128425426375021 0.018514064913977966 0.005113796252406384 0.9998155222281008 
0.11232587873658717 -0.15427366422817282 -0.9110761527886622 0.9997477413699036 0.011458623445682452 -0.019317183399925487 -0.011589739026166076 0.9999104617654968 -0.006689275089005776 0.01923880388905878 0.006911468775961203 0.9997910281775273 
0.1066550954260821 -0.1599996581361863 -0.9116645150032063 0.9997281465376123 0.0014975096789287634 -0.023267799320777705 -0.0017619277717761258 0.9999340595828902 -0.01134777936902802 0.023249271622945798 0.011385690617727528 0.999664862550525 
0.10318959861901045 -0.16064589370073096 -0.9094576905081181 0.9996599440171315 0.0021931058575499996 -0.025984353260433576 -0.002505482736586017 0.9999249151108434 -0.011995278105547971 0.025956095313472993 0.012056302387977374 0.9995903794499063 
0.10107494592276746 -0.1594140113247271 -0.9078669400717252 0.9996284390504119 -0.008519243996897304 -0.025892205841879852 0.00826649671444344 0.999917288956878 -0.009852932416156914 0.02597400380586412 0.009635233616710556 0.9996161830419936 
0.10446263641321403 -0.16077060350843794 -0.907627857215318 0.9997271193782895 -0.004178782455999594 -0.022983136356309837 0.003909515059016106 0.9999233430617845 -0.011748348485985419 0.023030468331986374 0.011655289671658084 0.999666820371207 
0.10516682923536529 -0.16085750559310544 -0.9070848390050061 0.9997446307938891 -0.005760270195560531 -0.021851601453085005 0.005505605080277205 0.9999164352889426 -0.011696612832521753 0.02191715108061163 0.011573319589816217 0.999692801195538 
0.10297772014408056 -0.162097715830059 -0.9071787544961596 0.9996864466273246 -0.0014709229715455228 -0.024996896112219218 0.001133198789513948 0.9999079660184326 -0.013519443530874899 0.025014481608395256 0.013486878011343125 0.9995961083514533 
0.10202813891356766 -0.16399229225866174 -0.9069348484423131 0.9996600216140633 -0.007616983362606854 -0.024936374055269727 0.0072464815212175794 0.9998625108438848 -0.014914687878902043 0.02504655050367637 0.014728916233592534 0.999577775530474 
0.09861958619608976 -0.1672029908183652 -0.9067383647126318 0.9995167377260135 -0.014721106758439545 -0.027378459075599774 0.014239472864064021 0.9997418650402984 -0.01770425650230667 0.027632017988218852 0.017305845877983235 0.9994683483134152 
0.09968746198993546 -0.1709135516290607 -0.9059115249172849 0.9995106600409583 0.007530804380851387 -0.030359964589324592 -0.008268757806408459 0.9996716079424995 -0.02425497717987958 0.030167335129683774 0.024494147444540086 0.9992446990763266 
0.09881298305851668 -0.16959670272933364 -0.9062543654903555 0.9994776709023283 0.007812323058445638 -0.031358459402332 -0.008530063488035767 0.9997031961326762 -0.022820115227621385 0.03117087397791895 0.02307568526701465 0.9992476616759783 
0.09915680655749487 -0.17116183185206188 -0.9059226523660405 0.9995252680127702 0.004810281483324054 -0.03043188781608822 -0.005548788200091819 0.9996910159165749 -0.024229809021053733 0.03030593264544602 0.0243871664556874 0.999243121847107 
0.09793946781240895 -0.17251798334460497 -0.9059737195349967 0.9995330004983816 -0.00220673195679271 -0.03047804535683223 0.0014469280553444485 0.9996881735391907 -0.024929141282434435 0.03052355342853957 0.024873399846980903 0.999224512642753 
0.09760205866999645 -0.1695044011310726 -0.9068629253262059 0.9995155626500214 -0.0008447050327188289 -0.031111517060711375 0.00016681863773815103 0.9997626631777966 -0.021785074872071215 0.031122535114500856 0.021769331387237065 0.999278481715182 
0.09550745060702778 -0.17041534854056484 -0.9068979874881629 0.9993536047667491 0.007865859198605376 -0.035078496244453396 -0.008701240908650822 0.9996806337256634 -0.02372591327021474 0.03488066866265665 0.024015803399508533 0.9991028876650904 
0.09918576543712426 -0.1903833291347436 -0.9395663535245 0.9993944280953374 0.001995223186401471 -0.03473897201170394 -0.002978831087302392 0.9995954450756926 -0.028285557255977253 0.03466848218983382 0.028371909846964697 0.9989960615909799 
0.0094405428697089 -0.15781004616899913 -0.37491978783529695 0.9992889220341101 -0.0012678313679460262 -0.03768345662924908 0.00033198509017559553 0.9996916255485641 -0.024830295889686275 0.03770331664198715 0.024800129267645406 0.9989811877620629 
-1.1773425103273896 -0.6067829187236801 6.535174587646782 -0.905470602304083 0.24106931840457746 0.349297254622812 0.4232191649301612 0.4512918552116736 0.7856342659631286 0.031757310951938844 0.8591980244062245 -0.5106566635789089 
-1.1534756052892354 -0.6048300553257778 6.446743233382951 -0.894033776602741 0.25027904520945354 0.37156965137438847 0.44717033408192597 0.4480957358031017 0.7741116869497163 0.02724515756054577 0.8582369201357637 -0.5125300872196479 
-1.067288227064281 -0.512072037029279 6.0296850535501365 -0.8039890049741126 0.39713462792563153 0.44258984080422203 0.5944100124004896 0.5576197133398504 0.579428159872156 -0.01668583347591826 0.7289337024703642 -0.6843809175919947 
-1.1270572590853258 -0.621343431670769 6.330344392882166 -0.8605771783415178 0.25667407124100844 0.43991515235362977 0.508726334489815 0.47487903882591875 0.718113789785664 -0.02458529467605311 0.8417887618852711 -0.5392469227073569 
-1.1360372168441286 -0.6296663153216727 6.287564342498516 -0.8658538932118799 0.2635087017511744 0.425276615523639 0.5000350551781464 0.4833115411129095 0.718592302922911 -0.016185771616409272 0.8348491590272312 -0.5502407677269163 
-1.1568559476732811 -0.6464214386082704 6.415122696757547 -0.8876893396339642 0.2212667827530549 0.40379282701693553 0.460049787925089 0.4624459920757674 0.7579563952122444 -0.019021801447209163 0.8585946163721107 -0.512302113802521 
-1.163444755579867 -0.6441648001946026 6.400855055538164 -0.8940177332216593 0.21656359370248535 0.3922148678567283 0.44758640271479055 0.4707242020543396 0.7603191025517763 -0.01996759349644553 0.8552888023837154 -0.517766703957478 
-1.150238220746383 -0.6467818078163204 6.349804765491791 -0.8927604226856676 0.2082997986868872 0.39948719823432444 0.4492667215468221 0.478001988808205 0.7547671903348548 -0.03373782145720694 0.853302579723279 -0.5203234252279236 
-1.1635981985996473 -0.6674610889948293 6.404558238730895 -0.8968336715078984 0.19538004994810476 0.39688285643491705 0.44081807348316815 0.46975058314053153 0.7648619586106497 -0.03699718557202811 0.8609070947096481 -0.5074151973860676 
-1.1668343531442764 -0.6763336477889961 6.409477737580335 -0.8958964892592124 0.19659636988457252 0.39839596870604266 0.4426996057746617 0.47022193555587655 0.7634843746724903 -0.03723626699840943 0.8603727091617289 -0.5083033166818116 
-1.18666693298199 -0.666119626379957 6.462908300508088 -0.8965258845923874 0.19446549757562032 0.3980257636240445 0.44153644472486947 0.46502695176002773 0.7673301128696176 -0.035873475376099556 0.8636741887942722 -0.5027723037071519 
-1.1839610833574123 -0.6610767835773765 6.4656152019814925 -0.8956482940338687 0.19506187924149077 0.39970613788256826 0.44323381704952913 0.4659177686825685 0.7658096475296984 -0.036849922902566695 0.8630593815564688 -0.5037564759776696 
-1.1862694818362063 -0.6473794255179789 6.4424753528206296 -0.8951780125132657 0.19963907070651377 0.39849788877764375 0.4444992669093053 0.46569722564755645 0.7652100990847284 -0.032813528153642635 0.8621312750803147 -0.5056213374636211 
-1.1914904538594797 -0.6536212471867325 6.430783998135337 -0.8961055765306292 0.19681238792813788 0.3978186517356028 0.44257643325340773 0.46383832367533506 0.7674503959336708 -0.03347979150772312 0.8637817394736244 -0.5027526331234073 
-1.2148631266575889 -0.6492572912495526 6.502478794500291 -0.8987096462977782 0.20405684893845488 0.3881775032799184 0.4379671347705756 0.4630156794049566 0.7705850176885216 -0.022489119862167894 0.86254117758312 -0.5054868509282411 
-1.21775060371918 -0.6505284394312228 6.506615334419369 -0.8991779998558336 0.20405355170243922 0.38709310587103263 0.4370449201214853 0.4626467117838309 0.7713298632048502 -0.02169475446431743 0.862739919160594 -0.5051823131459616 
-1.2193321758373123 -0.6535293053580731 6.513031560429054 -0.900073863143791 0.20012451393832487 0.3870622944777252 0.4350082743763829 0.4640569383128469 0.7716339541698434 -0.025196073295131155 0.8629028548594886 -0.5047413406546473 
-1.2267772544054052 -0.6469782796773063 6.520365721679947 -0.8986648574659796 0.20688543082212463 0.38678145310910966 0.43824268482369766 0.4608107994909002 0.7717491537222919 -0.018569414481014623 0.8630479856798813 -0.5047804980976698 
-1.221163956809789 -0.6475129168576768 6.519161337661812 -0.8969870554814702 0.21113427895614123 0.3883767997040405 0.44180752445130433 0.4576766029812628 0.7715816472815706 -0.014843639610693432 0.8636865422902005 -0.5038107015833484 
-1.2324992163507196 -0.6330736190782225 6.514801496979866 -0.8975012207467328 0.2141946265019673 0.3855025560690968 0.4408643429528878 0.45837644029945435 0.771705688777217 -0.011410077600214036 0.8625611288228118 -0.5058241880071315 
-1.2309025960613793 -0.6306148506862133 6.515343024264563 -0.8950289294992732 0.2212455959775424 0.38726425295904515 0.4459845501415018 0.4528828624463188 0.7720070556267676 -0.0045821822822156855 0.863682522205336 -0.5040153811567278 
-1.2332895515994386 -0.6257800273905432 6.514721504773257 -0.8964055884917392 0.2183355480377608 0.3857286732715488 0.44317219536049934 0.45612076045731464 0.7717203231347458 -0.007444876099307357 0.862718633357882 -0.5056294428501711 
-1.2474164316251075 -0.6317441323767465 6.51420390380595 -0.8973757639590746 0.2184742908049365 0.3833871705158472 0.4412385510856992 0.4541673808325397 0.7739770870145342 -0.0050278518932097005 0.863713479369745 -0.5039580798641381 
-1.2430153684298393 -0.6405959596821809 6.5159944138970305 -0.8965780834051891 0.2198128556139674 0.3844867343151267 0.4428715737565411 0.45190804705912524 0.774366764628759 -0.003536879398893217 0.8645585147981832 -0.5025197160053297 
-1.2391931942214176 -0.6332488417999217 6.517895657902045 -0.8954478748723853 0.22317249033699227 0.3851845569896514 0.4451654596650031 0.45066513982236844 0.773775578103969 -0.000903829505749687 0.8643465574095093 -0.5028958259784568 
-1.2357347618474699 -0.6342651714622062 6.518928424690533 -0.8948049333198307 0.22447824182582454 0.38591922762837316 0.44645726725952184 0.4495205401205383 0.7736970935197438 0.00019954361265531184 0.8646044199265499 -0.5024531393332325 
-1.2391932982128695 -0.6330729785345216 6.519479379253077 -0.8954912240223574 0.22305418334396138 0.385152306226639 0.44507814823617303 0.45063432040617946 0.7738437511763729 -0.0009537618148406646 0.8643931631872266 -0.5028156220460749 
-1.2338008617847604 -0.6272728475889106 6.5228720971194685 -0.8949239888384559 0.2230818201823443 0.3864525271046878 0.4462123921836543 0.4519752228326386 0.7724072106131117 -0.0023569605868371812 0.8636856485142725 -0.5040253419097822 
-1.244616324653359 -0.6310331554707508 6.521100163955674 -0.8953152393241814 0.22362559400813337 0.38523008181915575 0.44543244120220143 0.4509404383799791 0.7734614802033256 -0.0007500390198065532 0.8640858260255063 -0.5033439407634577 
-1.2520720909109304 -0.6330805670495973 6.519245458357708 -0.896511537326713 0.22114926639526059 0.38387506484914036 0.4430134036447497 0.45238357396728135 0.774007898018931 -0.002487494962351594 0.8639688096091361 -0.5035391825780635 
-1.241971001281 -0.6332841540847718 6.520929372472524 -0.8957401008221935 0.22169236579256985 0.38535978867590776 0.4445695960412854 0.4520152090063786 0.77333054065038 -0.0027470083245643706 0.8640224220332561 -0.5034458343943776 
-1.2336073125246296 -0.6324718569266076 6.523526714698766 -0.8958917150185155 0.21956960679439758 0.38622172742265104 0.4442373910569262 0.45366073658482176 0.7725574907204331 -0.0055834888840702035 0.8637019878716676 -0.5039719246132776 
-1.2398255610116031 -0.6339628950251458 6.522247613093524 -0.8956488339253957 0.22142254347567136 0.3857268768556883 0.4447505253592057 0.4520911969839021 0.7731820741600082 -0.003183784036246279 0.8640518542601632 -0.5033927459437453 
-1.2287433859335957 -0.6340913148326547 6.52489908337181 -0.8952862102929151 0.22044352767650127 0.38712692074420474 0.4454631479894136 0.45277764650936136 0.7723697214448568 -0.00501851000915618 0.863942737643522 -0.5035650510413768 
-1.2171259362589175 -0.6178957641075252 6.528927925731293 -0.8935742037065155 0.22464720699715393 0.388662803543952 0.4489072645661287 0.45240600448040114 0.770591379999696 -0.0027221847884561223 0.8630541347438514 -0.5051040983911335 
-1.2202307093602311 -0.6096519952810743 6.52909253118347 -0.8931982720830756 0.22689118506540631 0.3882231792248161 0.4496624257954829 0.45211316832377213 0.7703229101201408 -0.0007413336158680062 0.8626204687855814 -0.5058511414009204 
-1.2255277733933627 -0.6021857436710759 6.528763814482773 -0.8931761563102407 0.22838490963929414 0.38739732426530243 0.4497063992738024 0.4522357385760626 0.7702252860084206 0.0007129172854229426 0.8621619162336117 -0.5066323340898511 
