0.0 0.0 0.0 1.0 0.0 0.0 0.0 1.0 0.0 0.0 0.0 1.0
-0.0263092050148113 -0.026533043027534103 -0.999301667845695 0.9994562211424897 -0.0008297780564916924 0.0329632141629366 0.0017788627653252654 0.9995843784640276 -0.02877335534737066 -0.03292563844235673 0.02881634603937302 0.9990423016740093
-0.04067538163497394 -0.03741843948047484 -1.034920295365433 0.9993774095409174 -0.006326653979838818 0.0347097500524684 0.007299686824200856 0.9995818661757783 -0.027978695195042563 -0.034518225208634776 0.028214646231485854 0.9990057186355231
-0.04204320510618478 -0.03640758935863324 -1.034583606159818 0.9993508501517192 -0.004510382834625065 0.035742618087111 0.005539842068934773 0.9995711232419887 -0.02875551652466296 -0.03559759052080935 0.028934858344806594 0.9989472386075646
-0.040230774086992174 -0.03684351221931277 -1.0335307204717077 0.9993824837401202 -0.003748646419130215 0.03493706976053924 0.004752793749672447 0.99957668432086 -0.028703015759478926 -0.03481468289388139 0.028851339867329618 0.9989772460085657
-0.04059338906603113 -0.036211093516544876 -1.03357018111733 0.9993749856776741 -0.002714000456802875 0.03524588207534452 0.0037494903308558764 0.9995622737382982 -0.0293462474838326 -0.03515080829806672 0.029460059752892672 0.9989477091196258
-0.0409333446407186 -0.03598163473987947 -1.0335571923603284 0.9993662994043658 -0.002053148922197704 0.035535674952457075 0.0031049893375122775 0.9995578971847888 -0.02956973481005646 -0.03545925346136522 0.029661334343323263 0.9989308517554838
-0.04171382403032571 -0.03586201151183212 -1.0335297956655465 0.9993321307318243 -0.0034328869105532804 0.03638004637780754 0.004514518715555536 0.9995489258205251 -0.0296911436593668 -0.03626170993981081 0.02983555225722511 0.9988968556431377
