#timestamp [s],p_x [m],p_y [m],p_z [m],R11,R21,R31,R12,R22,R32,R13,R23,R33
1403636579.763556,0.000000,0.000000,0.000000,0.362577,0.014814,-0.931836,0.014814,0.999656,0.021657,0.931836,-0.021657,0.362233
1403636579.813555,0.000000,0.000000,0.000000,0.362577,0.014814,-0.931836,0.014814,0.999656,0.021657,0.931836,-0.021657,0.362233
1403636579.863556,1.138111,1.138111,1.138111,0.355588,0.011165,-0.934576,0.021188,0.999575,0.020003,0.934402,-0.026914,0.355201
1403636579.913556,6.998966,6.998966,6.998966,0.356539,0.010287,-0.934224,0.016273,0.999719,0.017218,0.934139,-0.021341,0.356272
1403636579.963556,13.530902,13.530902,13.530902,0.353638,-0.070200,-0.932744,0.051319,0.997134,-0.055589,0.933973,-0.028209,0.356227
1403636580.013556,18.884106,18.884106,18.884106,0.371031,-0.044310,-0.927563,0.077246,0.996872,-0.016722,0.925402,-0.065446,0.373293
1403636580.063556,27.180725,27.180725,27.180725,0.358423,-0.043541,-0.932543,0.072975,0.997162,-0.018511,0.930703,-0.061417,0.360583
1403636580.113555,32.808340,32.808340,32.808340,0.365186,0.138334,-0.920599,0.003119,0.988710,0.149806,0.930929,-0.057579,0.360632
1403636580.163556,35.825625,35.825625,35.825625,0.560965,-0.182992,-0.807362,0.053967,0.981272,-0.184912,0.826079,0.060159,0.560334
1403636580.213556,42.517860,42.517860,42.517860,0.558158,-0.183779,-0.809126,0.053527,0.981106,-0.185917,0.828007,0.060461,0.557449
1403636580.263556,51.861175,51.861175,51.861175,0.596616,-0.187135,-0.780404,0.038943,0.978038,-0.204754,0.801581,0.091769,0.590801
1403636580.313555,61.511697,61.511697,61.511697,0.610574,-0.193117,-0.768053,0.057254,0.978040,-0.200400,0.789887,0.078385,0.608222
1403636580.363556,70.997175,70.997175,70.997175,0.642865,-0.217053,-0.734583,0.098766,0.974495,-0.201508,0.759585,0.056991,0.647906
1403636580.413556,79.456672,79.456672,79.456672,0.694734,-0.181216,-0.696065,0.119912,0.983379,-0.136334,0.709201,0.011249,0.704916
1403636580.463556,85.369065,85.369065,85.369065,0.704276,-0.155456,-0.692697,0.058698,0.985141,-0.161408,0.707496,0.073016,0.702936
1403636580.513556,92.241317,92.241317,92.241317,0.693122,-0.154392,-0.704092,0.051086,0.984858,-0.165667,0.719008,0.078858,0.690513
1403636580.613555,93.848325,93.848325,93.848325,0.688270,-0.155987,-0.708486,0.049291,0.984408,-0.168851,0.723778,0.081293,0.685227
1403636580.663556,91.667845,91.667845,91.667845,0.818303,0.053019,-0.572337,-0.117363,0.990171,-0.076076,0.562678,0.129424,0.816482
1403636580.713556,92.118924,92.118924,92.118924,0.590374,0.732025,-0.339997,-0.298600,0.589443,0.750597,0.749864,-0.341610,0.566574
1403636580.763556,89.281474,89.281474,89.281474,0.517550,0.845338,-0.132462,-0.232456,0.287894,0.929022,0.823472,-0.450023,0.345503
1403636580.813555,91.621376,91.621376,91.621376,0.512899,0.853378,-0.093171,-0.326203,0.294139,0.898373,0.794057,-0.430382,0.429238
1403636580.863556,95.943545,95.943545,95.943545,0.414088,0.894885,0.166468,-0.390531,0.009469,0.920541,0.822202,-0.446195,0.353402
1403636580.913556,95.516288,95.516288,95.516288,0.283722,0.792500,-0.539856,-0.217344,0.601488,0.768749,0.933950,-0.100777,0.342901
1403636580.963556,98.813217,98.813217,98.813217,0.328342,0.789197,-0.518998,-0.265148,0.604377,0.751282,0.906580,-0.109066,0.407697
1403636581.013556,103.750769,103.750769,103.750769,0.297917,0.892247,-0.339323,-0.348043,0.432522,0.831740,0.888882,-0.129691,0.439396
1403636581.063556,105.633739,105.633739,105.633739,0.285247,0.929415,-0.234142,-0.412067,0.339482,0.845549,0.865352,-0.144708,0.479818
1403636581.113555,110.936060,110.936060,110.936060,0.311197,0.923003,-0.226323,-0.456128,0.353990,0.816479,0.833728,-0.150854,0.531169
1403636581.163556,119.957144,119.957144,119.957144,0.263544,0.940277,-0.215463,-0.606899,0.335232,0.720620,0.749812,-0.059151,0.659001
1403636581.213556,129.065140,129.065140,129.065140,0.265222,0.937620,-0.224782,-0.680052,0.347176,0.645755,0.683511,-0.018405,0.729708
1403636581.263556,134.826171,134.826171,134.826171,0.248533,0.960965,-0.121568,-0.719239,0.267150,0.641348,0.648789,-0.071960,0.757558
1403636581.313555,137.389990,137.389990,137.389990,0.233577,0.965700,-0.113423,-0.737098,0.251934,0.627069,0.634136,-0.062865,0.770662
1403636581.363556,139.359032,139.359032,139.359032,0.231710,0.968205,-0.094279,-0.747627,0.239248,0.619528,0.622386,-0.073066,0.779293
1403636581.413556,142.748265,142.748265,142.748265,0.244195,0.968769,-0.043084,-0.762911,0.219352,0.608155,0.598612,-0.115639,0.792649
1403636581.463556,143.883092,143.883092,143.883092,0.252570,0.965942,-0.056245,-0.753291,0.232784,0.615113,0.607257,-0.112991,0.786430
1403636581.513556,140.864648,140.864648,140.864648,0.262363,0.962091,-0.074471,-0.736609,0.249531,0.628603,0.623356,-0.110066,0.774153
1403636581.563556,137.365381,137.365381,137.365381,0.264929,0.953940,-0.140748,-0.705104,0.291216,0.646546,0.657755,-0.072047,0.749779
1403636581.613555,131.062824,131.062824,131.062824,0.233291,0.960844,-0.149516,-0.690300,0.271935,0.670476,0.684881,-0.053205,0.726710
1403636581.663556,122.188356,122.188356,122.188356,0.193226,0.968589,-0.156524,-0.675295,0.247021,0.694952,0.711787,-0.028583,0.701813
1403636581.713556,115.182314,115.182314,115.182314,0.190936,0.967902,-0.163430,-0.660108,0.249833,0.708408,0.726500,-0.027379,0.686621
1403636581.763556,112.731124,112.731124,112.731124,0.212738,0.955083,-0.206300,-0.648672,0.295942,0.701173,0.730731,-0.015346,0.682493
1403636581.813555,113.694327,113.694327,113.694327,0.270183,0.942519,-0.196617,-0.633723,0.327827,0.700660,0.724842,-0.064705,0.685870
1403636581.863556,110.587060,110.587060,110.587060,0.350571,0.584203,-0.731989,0.035596,0.772715,0.633754,0.935859,-0.248232,0.250097
1403636581.913556,102.368531,102.368531,102.368531,-0.025401,0.072431,-0.997050,0.638863,0.768304,0.039537,0.768901,-0.635974,-0.065789
1403636581.963556,94.012613,94.012613,94.012613,-0.738731,-0.190495,-0.646520,0.642527,0.090663,-0.760881,0.203560,-0.977493,0.055423
1403636582.013556,85.673859,85.673859,85.673859,-0.987154,0.083630,-0.136138,0.078304,-0.489484,-0.868489,-0.139269,-0.867993,0.476647
1403636582.063556,77.309546,77.309546,77.309546,-0.742558,0.638785,0.201399,-0.659019,-0.643126,-0.389977,-0.119587,-0.422306,0.898530
1403636582.113555,77.463972,77.463972,77.463972,-0.738420,0.639751,0.213199,-0.666250,-0.643309,-0.377180,-0.104148,-0.420561,0.901267
1403636582.163556,78.173261,78.173261,78.173261,-0.299602,0.946021,0.123625,-0.938131,-0.315697,0.142289,0.173637,-0.073346,0.982075
1403636582.213556,71.265238,71.265238,71.265238,-0.176888,0.820786,0.543158,-0.834277,-0.417837,0.359714,0.522200,-0.389515,0.758673
1403636582.263556,65.309292,65.309292,65.309292,-0.156532,0.806736,0.569803,-0.820615,-0.427275,0.379509,0.549626,-0.408183,0.728902
1403636582.313555,64.285013,64.285013,64.285013,-0.267876,0.934742,0.233454,-0.921913,-0.319071,0.219704,0.279855,-0.156371,0.947222
1403636582.363556,68.054654,68.054654,68.054654,-0.877899,0.414132,0.240394,-0.478044,-0.728931,-0.490034,-0.027709,-0.545119,0.837900
1403636582.413556,71.259772,71.259772,71.259772,-0.732821,0.310150,-0.605624,-0.289151,-0.947655,-0.135430,-0.615927,0.075870,0.784142
1403636582.463556,73.651842,73.651842,73.651842,-0.197113,-0.261843,-0.944767,-0.381633,-0.867169,0.319959,-0.903052,0.423623,0.071002
1403636582.513556,70.922103,70.922103,70.922103,-0.169710,-0.258815,-0.950901,-0.392078,-0.867514,0.306094,-0.904142,0.424775,0.045750
1403636582.563556,62.346178,62.346178,62.346178,-0.163861,-0.255021,-0.952950,-0.395086,-0.868184,0.300272,-0.903912,0.425700,0.041507
1403636582.613555,57.439120,57.439120,57.439120,-0.144298,-0.279335,-0.949289,-0.316798,-0.895796,0.311750,-0.937452,0.345718,0.040769
1403636582.663556,58.369324,58.369324,58.369324,0.283917,-0.879905,-0.380996,-0.620154,-0.471561,0.626928,-0.731300,0.058281,-0.679561
1403636582.713556,59.225161,59.225161,59.225161,0.352276,-0.854168,-0.382490,-0.579438,-0.519997,0.627578,-0.734951,0.000549,-0.678120
1403636582.763556,62.959715,62.959715,62.959715,0.378223,-0.845444,-0.377056,-0.601443,-0.534060,0.594177,-0.703714,0.002047,-0.710481
1403636582.813555,71.566164,71.566164,71.566164,0.404068,-0.836767,-0.369527,-0.620017,-0.547556,0.561927,-0.672538,0.002056,-0.740059
1403636582.863556,80.691546,80.691546,80.691546,0.434937,-0.826840,-0.356601,-0.643410,-0.562425,0.519327,-0.629962,0.003566,-0.776617
1403636582.913556,85.345796,85.345796,85.345796,0.407747,-0.893034,-0.190350,-0.682749,-0.436608,0.585856,-0.606297,-0.108920,-0.787744
1403636582.963556,89.955582,89.955582,89.955582,0.426792,-0.888460,-0.168783,-0.709911,-0.444764,0.546087,-0.560245,-0.113245,-0.820549
1403636583.013556,99.454717,99.454717,99.454717,0.443472,-0.884047,-0.147623,-0.732487,-0.452394,0.508726,-0.516522,-0.117474,-0.848178
1403636583.263556,147.893130,147.893130,147.893130,0.445686,-0.883598,-0.143591,-0.732505,-0.452174,0.508896,-0.514587,-0.121627,-0.848768
1403636583.313555,157.476078,157.476078,157.476078,0.448951,-0.882565,-0.139719,-0.731851,-0.452895,0.509195,-0.512676,-0.126351,-0.849234
1403636583.363556,165.905194,165.905194,165.905194,0.359524,-0.927580,0.101673,-0.852099,-0.281935,0.440953,-0.380354,-0.245168,-0.891753
1403636583.413556,173.252798,173.252798,173.252798,0.355880,-0.929047,0.101103,-0.849269,-0.276365,0.449850,-0.389990,-0.245956,-0.887363
1403636583.463556,176.333595,176.333595,176.333595,0.198878,-0.437685,0.876858,-0.752249,0.505301,0.422838,-0.628147,-0.743709,-0.228755
1403636583.513556,179.916572,179.916572,179.916572,0.209939,-0.436381,0.874927,-0.740666,0.513168,0.433672,-0.638231,-0.739074,-0.215479
1403636583.563556,188.831922,188.831922,188.831922,0.225047,-0.437517,0.870593,-0.726636,0.519903,0.449112,-0.649118,-0.733676,-0.200913
1403636583.613555,194.050659,194.050659,194.050659,0.247672,-0.487941,0.837002,-0.724177,0.480666,0.494498,-0.643604,-0.728610,-0.234308
1403636583.663556,196.066607,196.066607,196.066607,0.265277,-0.486445,0.832466,-0.713211,0.481999,0.508927,-0.648813,-0.728731,-0.219075
1403636583.713556,197.903381,197.903381,197.903381,0.303118,-0.523453,0.796314,-0.710350,0.432912,0.554968,-0.635234,-0.733883,-0.240611
1403636583.763556,198.482567,198.482567,198.482567,0.343632,-0.555805,0.756966,-0.704578,0.380322,0.599103,-0.620875,-0.739213,-0.260918
1403636583.813555,202.829306,202.829306,202.829306,0.370478,-0.554996,0.744799,-0.683218,0.380400,0.623305,-0.629253,-0.739781,-0.238253
1403636583.863556,211.403966,211.403966,211.403966,0.261087,-0.582302,0.769908,-0.791072,0.328011,0.516347,-0.553208,-0.743864,-0.375003
1403636583.913556,220.210907,220.210907,220.210907,0.084793,-0.633058,0.769447,-0.914414,0.257313,0.312470,-0.395800,-0.730088,-0.557058
1403636583.963556,228.861112,228.861112,228.861112,-0.077208,-0.685644,0.723831,-0.976136,0.199783,0.085123,-0.202974,-0.699985,-0.684706
1403636584.013556,237.571433,237.571433,237.571433,-0.157722,-0.712642,0.683568,-0.983438,0.175954,-0.043475,-0.089295,-0.679104,-0.728591
1403636584.063556,246.470361,246.470361,246.470361,-0.172105,-0.712895,0.679824,-0.982573,0.173428,-0.066884,-0.070219,-0.679488,-0.730319
1403636584.113555,246.831063,246.831063,246.831063,-0.150079,-0.701562,0.696626,-0.983557,0.177538,-0.033099,-0.100457,-0.690139,-0.716671
1403636584.163556,238.049073,238.049073,238.049073,-0.083637,-0.674693,0.733345,-0.977918,0.197014,0.069727,-0.191523,-0.711319,-0.676272
1403636584.213556,228.729897,228.729897,228.729897,0.078832,-0.619553,0.780987,-0.922012,0.252572,0.293431,-0.379051,-0.743210,-0.551324
1403636584.263556,219.278002,219.278002,219.278002,0.291851,-0.558093,0.776760,-0.776717,0.335626,0.532978,-0.558151,-0.758873,-0.335528
1403636584.313555,209.825573,209.825573,209.825573,0.430000,-0.525098,0.734420,-0.640962,0.395332,0.657936,-0.635820,-0.753648,-0.166575
1403636584.363556,200.381038,200.381038,200.381038,0.824015,-0.482986,0.296181,0.106986,0.646005,0.755798,-0.556375,-0.591102,0.583991
1403636584.413556,190.915811,190.915811,190.915811,0.851911,-0.508796,0.123992,0.313083,0.684624,0.658232,-0.419794,-0.521935,0.742534
1403636584.463556,188.325702,188.325702,188.325702,0.844103,-0.518908,0.134999,0.307555,0.674821,0.670840,-0.439204,-0.524738,0.729211
1403636584.513556,188.930187,188.930187,188.930187,0.865028,-0.501723,-0.000695,0.319902,0.550480,0.771126,-0.386508,-0.667268,0.636683
1403636584.563556,191.413143,191.413143,191.413143,0.872342,-0.469926,0.134862,0.137531,0.500588,0.854691,-0.469152,-0.727036,0.501314
1403636584.613555,199.836932,199.836932,199.836932,0.842984,-0.443670,0.304194,-0.108117,0.414206,0.903739,-0.526961,-0.794726,0.301201
1403636584.663556,208.564995,208.564995,208.564995,0.786523,-0.437883,0.435476,-0.311578,0.327458,0.892015,-0.533198,-0.837275,0.121119
1403636584.713556,217.333108,217.333108,217.333108,0.744887,-0.441409,0.500302,-0.418493,0.274895,0.865619,-0.519622,-0.854161,0.020040
1403636584.813555,229.382579,229.382579,229.382579,0.729621,-0.446426,0.518031,-0.440862,0.272029,0.855360,-0.522775,-0.852469,0.001666
1403636584.863556,233.053390,233.053390,233.053390,0.721337,-0.445318,0.530438,-0.464507,0.257018,0.847452,-0.513718,-0.857691,-0.021457
1403636584.913556,232.138586,232.138586,232.138586,0.716667,-0.442617,0.538961,-0.475239,0.255661,0.841894,-0.510428,-0.859493,-0.027125
1403636585.013556,228.195227,228.195227,228.195227,0.718224,-0.440539,0.538591,-0.476287,0.253022,0.842099,-0.507253,-0.861339,-0.028096
1403636585.113555,236.570268,236.570268,236.570268,0.721590,-0.439827,0.534660,-0.471922,0.252569,0.844688,-0.506555,-0.861836,-0.025312
1403636585.163556,238.866917,238.866917,238.866917,0.726602,-0.437837,0.529480,-0.458510,0.264926,0.848282,-0.511682,-0.859135,-0.008257
1403636585.213556,237.429021,237.429021,237.429021,0.730965,-0.438683,0.522731,-0.443015,0.277596,0.852455,-0.519065,-0.854692,0.008570
1403636585.263556,235.700323,235.700323,235.700323,0.733473,-0.443674,0.514948,-0.423275,0.294637,0.856754,-0.531842,-0.846370,0.028312
1403636585.313555,236.270474,236.270474,236.270474,0.734527,-0.453954,0.504377,-0.411794,0.292582,0.863030,-0.539348,-0.841618,0.027974
1403636585.363556,239.175192,239.175192,239.175192,0.732959,-0.466066,0.495534,-0.396909,0.298605,0.867928,-0.552480,-0.832837,0.033879
1403636585.413556,241.953516,241.953516,241.953516,0.734082,-0.473676,0.486575,-0.382744,0.303265,0.872661,-0.560920,-0.826838,0.041324
1403636585.463556,247.835770,247.835770,247.835770,0.739816,-0.469582,0.481835,-0.372549,0.310429,0.874552,-0.560250,-0.826514,0.054718
1403636585.513556,254.104381,254.104381,254.104381,0.742966,-0.472891,0.473683,-0.356048,0.320036,0.877956,-0.566773,-0.820946,0.069404
1403636585.563556,251.392591,251.392591,251.392591,0.814466,-0.439539,0.378750,-0.250408,0.322572,0.912822,-0.523395,-0.838304,0.152660
1403636585.613555,242.217897,242.217897,242.217897,0.827800,-0.433700,0.355883,-0.217634,0.336426,0.916217,-0.517091,-0.835896,0.184105
1403636585.663556,232.881975,232.881975,232.881975,0.848826,-0.417748,0.324009,-0.179269,0.349123,0.919769,-0.497351,-0.838809,0.221455
1403636585.713556,223.549937,223.549937,223.549937,0.868868,-0.400917,0.290404,-0.140786,0.362283,0.921374,-0.474603,-0.841437,0.258333
1403636585.813555,204.335041,204.335041,204.335041,0.950808,-0.182588,-0.250250,0.305223,0.414123,0.857520,-0.052939,-0.891720,0.449482
1403636585.913556,184.461950,184.461950,184.461950,0.630274,0.014424,-0.776238,0.634508,0.566581,0.525723,0.447386,-0.823879,0.347949
1403636585.963556,183.926094,183.926094,183.926094,0.638597,0.018587,-0.769317,0.621461,0.577139,0.529808,0.453851,-0.816434,0.357008
1403636586.263556,207.686634,207.686634,207.686634,0.624012,0.005198,-0.781397,0.634123,0.580962,0.510266,0.456615,-0.813914,0.359231
1403636586.313555,206.840510,206.840510,206.840510,0.589129,-0.166420,-0.790715,0.699679,0.594559,0.396167,0.404197,-0.786641,0.466713
1403636586.363556,203.014622,203.014622,203.014622,0.560921,-0.148778,-0.814391,0.709379,0.593510,0.380167,0.426788,-0.790956,0.438452
1403636586.463556,195.918540,195.918540,195.918540,0.543418,-0.164900,-0.823107,0.722381,0.591337,0.358450,0.427625,-0.789385,0.440464
1403636586.513556,193.464745,193.464745,193.464745,0.179242,-0.723281,-0.666886,0.705866,0.566730,-0.424936,0.685293,-0.394566,0.612121
1403636586.563556,195.633015,195.633015,195.633015,0.168075,-0.725357,-0.667539,0.708454,0.559749,-0.429854,0.685451,-0.400673,0.607962
1403636586.613555,199.859535,199.859535,199.859535,0.183889,-0.627918,-0.756243,0.688459,0.631408,-0.356860,0.701577,-0.455019,0.548404
1403636586.663556,199.989517,199.989517,199.989517,0.185391,-0.635860,-0.749208,0.690173,0.626975,-0.361336,0.699493,-0.450095,0.555089
1403636586.713556,195.883206,195.883206,195.883206,0.160517,-0.637377,-0.753648,0.691928,0.617183,-0.374594,0.703896,-0.461341,0.540088
1403636586.763556,191.532331,191.532331,191.532331,0.169154,-0.652945,-0.738275,0.699112,0.607489,-0.377095,0.694716,-0.452350,0.559241
1403636586.863556,192.440460,192.440460,192.440460,0.174788,-0.644493,-0.744364,0.702916,0.611063,-0.364021,0.689462,-0.459599,0.559831
1403636587.013556,207.940919,207.940919,207.940919,0.186116,-0.643841,-0.742179,0.721220,0.602501,-0.341811,0.667235,-0.471657,0.576486
1403636587.113555,226.975999,226.975999,226.975999,0.192459,-0.641941,-0.742207,0.735197,0.595284,-0.324225,0.649957,-0.483269,0.586521
1403636587.163556,236.617799,236.617799,236.617799,0.203277,-0.636105,-0.744344,0.754138,0.586568,-0.295320,0.624463,-0.501306,0.598947
1403636587.213556,246.304273,246.304273,246.304273,0.225215,-0.628491,-0.744498,0.779234,0.574891,-0.249590,0.584870,-0.523927,0.619216
1403636587.263556,256.049557,256.049557,256.049557,0.253574,-0.617225,-0.744804,0.805479,0.561088,-0.190746,0.535634,-0.551556,0.639439
1403636587.313555,261.833225,261.833225,261.833225,0.260478,-0.600122,-0.756310,0.800556,0.572130,-0.178261,0.539686,-0.559035,0.629458
1403636587.363556,261.633212,261.633212,261.633212,0.260703,-0.597424,-0.758366,0.799062,0.574365,-0.177779,0.541788,-0.559634,0.627118
1403636587.413556,258.966861,258.966861,258.966861,0.232306,-0.634605,-0.737096,0.800247,0.555450,-0.226007,0.552846,-0.537356,0.636875
1403636587.463556,255.545203,255.545203,255.545203,0.208258,-0.662454,-0.719572,0.776304,0.559484,-0.290395,0.594962,-0.498129,0.630783
1403636587.513556,255.843968,255.843968,255.843968,0.223910,-0.665541,-0.711983,0.782146,0.558560,-0.276150,0.581474,-0.495042,0.645617
1403636587.563556,257.119692,257.119692,257.119692,0.223269,-0.666625,-0.711170,0.779150,0.560456,-0.280741,0.585728,-0.491427,0.644533
1403636587.613555,251.536850,251.536850,251.536850,0.084245,-0.631442,-0.770833,0.786196,0.517404,-0.337917,0.612207,-0.577558,0.540026
1403636587.663556,241.904975,241.904975,241.904975,-0.179570,-0.594056,-0.784125,0.672458,0.507654,-0.538598,0.718022,-0.624007,0.308318
1403636587.713556,236.666241,236.666241,236.666241,0.449210,0.891065,-0.064914,0.114220,0.014783,0.993345,0.886095,-0.453635,-0.095137
1403636587.763556,231.781811,231.781811,231.781811,0.480021,0.876714,-0.030863,0.099755,-0.019598,0.994819,0.871567,-0.480613,-0.096864
1403636587.813555,226.083660,226.083660,226.083660,0.475005,0.879738,-0.020779,0.094218,-0.027367,0.995175,0.874925,-0.474671,-0.095887
1403636587.863556,224.893557,224.893557,224.893557,0.488097,0.872659,0.015074,0.075808,-0.059595,0.995340,0.869491,-0.484680,-0.095243
1403636587.913556,220.149260,220.149260,220.149260,0.604725,0.788876,-0.109462,0.456241,-0.230478,0.859491,0.652803,-0.569697,-0.499293
1403636587.963556,219.503647,219.503647,219.503647,0.408751,0.855634,0.317511,0.028941,-0.359879,0.932550,0.912187,-0.371992,-0.171863
1403636588.013556,224.092874,224.092874,224.092874,0.409613,0.852987,0.323466,0.040346,-0.371169,0.927688,0.911367,-0.366943,-0.186450
1403636588.063556,224.894851,224.894851,224.894851,0.424288,0.831665,0.358209,0.045490,-0.414657,0.908840,0.904384,-0.369315,-0.213767
1403636588.113555,221.436652,221.436652,221.436652,0.452267,0.807591,0.378485,0.037736,-0.441314,0.896559,0.891084,-0.391202,-0.230067
1403636588.163556,218.013958,218.013958,218.013958,0.455124,0.804497,0.381637,0.039040,-0.446216,0.894074,0.889572,-0.392015,-0.234491
1403636588.213556,218.741773,218.741773,218.741773,0.452094,0.804108,0.386034,0.049909,-0.454914,0.889136,0.890573,-0.382706,-0.245796
1403636588.413556,209.737953,209.737953,209.737953,0.463606,0.798585,0.383838,0.049312,-0.455789,0.888721,0.884668,-0.393088,-0.250686
1403636588.613555,198.774610,198.774610,198.774610,0.446120,0.789442,0.421614,0.058956,-0.495990,0.866324,0.893029,-0.361628,-0.267813
1403636588.663556,198.747607,198.747607,198.747607,0.432758,0.780447,0.451246,0.066664,-0.526877,0.847323,0.899042,-0.336604,-0.280038
1403636588.713556,199.619008,199.619008,199.619008,0.434300,0.783103,0.445122,0.066989,-0.520869,0.851004,0.898274,-0.339773,-0.278673
1403636588.763556,201.446275,201.446275,201.446275,0.437913,0.783150,0.441484,0.067826,-0.518455,0.852411,0.896455,-0.343338,-0.280156
1403636588.813555,203.378648,203.378648,203.378648,0.441536,0.784137,0.436090,0.069188,-0.514342,0.854790,0.894572,-0.347248,-0.281354
1403636588.863556,205.199265,205.199265,205.199265,0.443843,0.785819,0.430687,0.069888,-0.509513,0.857620,0.893375,-0.350549,-0.281064
1403636588.913556,204.485517,204.485517,204.485517,0.455602,0.782184,0.424989,0.083420,-0.512831,0.854427,0.886266,-0.353826,-0.298896
1403636588.963556,206.226967,206.226967,206.226967,0.420293,0.818767,0.391119,0.110481,-0.474007,0.873563,0.900637,-0.323941,-0.289680
1403636589.013556,205.063339,205.063339,205.063339,0.438094,0.844258,0.308711,0.277148,-0.453546,0.847045,0.855139,-0.285526,-0.432680
1403636589.063556,200.339410,200.339410,200.339410,0.445646,0.845661,0.293697,0.268340,-0.439180,0.857388,0.854045,-0.303281,-0.422644
1403636589.113555,200.351962,200.351962,200.351962,0.449068,0.843896,0.293560,0.262771,-0.438758,0.859327,0.853984,-0.308757,-0.418784
1403636589.163556,200.818894,200.818894,200.818894,0.450758,0.843925,0.290873,0.256498,-0.434566,0.863343,0.855000,-0.314551,-0.412349
1403636589.213556,196.433362,196.433362,196.433362,0.428824,0.880344,0.202742,0.356522,-0.371126,0.857413,0.830061,-0.295397,-0.473010
1403636589.263556,186.814976,186.814976,186.814976,0.402420,0.910524,0.094896,0.486153,-0.300389,0.820623,0.775702,-0.284101,-0.563536
1403636589.313555,178.975917,178.975917,178.975917,-0.400257,0.832261,-0.383583,0.911109,0.316481,-0.264045,-0.098358,-0.455171,-0.884955
1403636589.363556,175.829423,175.829423,175.829423,-0.407680,0.844875,-0.346387,0.907104,0.331229,-0.259712,-0.104690,-0.420088,-0.901424
1403636589.413556,177.651083,177.651083,177.651083,-0.334078,0.784551,-0.522372,0.939411,0.231995,-0.252359,-0.076800,-0.575029,-0.814520
1403636589.463556,182.428968,182.428968,182.428968,-0.311272,0.798001,-0.516047,0.950088,0.249302,-0.187566,-0.021026,-0.548674,-0.835772
1403636589.513556,185.575636,185.575636,185.575636,-0.313319,0.799393,-0.512642,0.949488,0.253787,-0.184567,-0.017440,-0.544576,-0.838530
1403636589.563556,186.681917,186.681917,186.681917,-0.309541,0.794865,-0.521894,0.950720,0.248449,-0.185484,-0.017771,-0.553590,-0.832599
1403636589.613555,187.991495,187.991495,187.991495,-0.307819,0.790037,-0.530178,0.951310,0.246180,-0.185485,-0.016021,-0.561460,-0.827349
1403636589.663556,189.469294,189.469294,189.469294,-0.300334,0.760138,-0.576185,0.953602,0.225965,-0.198954,-0.021035,-0.609204,-0.792734
1403636589.713556,186.720413,186.720413,186.720413,-0.555348,0.802912,-0.216611,0.798113,0.441388,-0.410114,-0.233676,-0.400636,-0.885938
1403636589.763556,183.775817,183.775817,183.775817,-0.550758,0.802546,-0.229317,0.800169,0.429508,-0.418632,-0.237477,-0.414057,-0.878727
1403636589.813555,189.086202,189.086202,189.086202,-0.569470,0.768978,-0.290476,0.806566,0.454539,-0.377949,-0.158602,-0.449519,-0.879078
1403636589.863556,195.815036,195.815036,195.815036,-0.564446,0.766187,-0.307177,0.808342,0.437626,-0.393786,-0.167285,-0.470575,-0.866357
1403636589.913556,193.994045,193.994045,193.994045,-0.647036,0.688566,-0.327447,0.737954,0.457543,-0.496062,-0.191750,-0.562611,-0.804177
1403636589.963556,190.714093,190.714093,190.714093,-0.652667,0.675341,-0.343424,0.733819,0.450692,-0.508318,-0.188510,-0.583774,-0.789729
1403636590.013556,196.080651,196.080651,196.080651,-0.647772,0.645176,-0.405140,0.749839,0.445948,-0.488745,-0.134655,-0.620385,-0.772652
1403636590.063556,198.133199,198.133199,198.133199,-0.691346,0.628160,-0.357009,0.709612,0.497320,-0.499123,-0.135982,-0.598405,-0.789570
1403636590.113555,192.522218,192.522218,192.522218,-0.719447,0.612727,-0.327051,0.681383,0.531418,-0.503301,-0.134585,-0.584945,-0.799829
1403636590.163556,194.125600,194.125600,194.125600,-0.684185,0.622372,-0.380190,0.723631,0.514397,-0.460168,-0.090827,-0.589957,-0.802310
1403636590.213556,194.431601,194.431601,194.431601,-0.697704,0.609055,-0.377174,0.710313,0.519732,-0.474694,-0.093085,-0.599108,-0.795239
1403636590.313555,194.890418,194.890418,194.890418,-0.683299,0.623124,-0.380551,0.724130,0.511622,-0.462469,-0.093477,-0.591573,-0.800814
1403636590.363556,204.418309,204.418309,204.418309,-0.653936,0.649647,-0.387720,0.751748,0.500323,-0.429594,-0.085100,-0.572395,-0.815550
1403636590.463556,213.734371,213.734371,213.734371,-0.654742,0.654624,-0.377862,0.751157,0.507897,-0.421668,-0.084119,-0.559917,-0.824267
1403636590.513556,209.979156,209.979156,209.979156,-0.714864,0.612462,-0.337432,0.662194,0.437902,-0.608063,-0.224653,-0.658128,-0.718609
1403636590.563556,209.038341,209.038341,209.038341,-0.618085,0.629975,-0.470215,0.756857,0.315231,-0.572535,-0.212456,-0.709762,-0.671640
1403636590.613555,208.407661,208.407661,208.407661,-0.687815,0.578695,-0.438203,0.646154,0.213046,-0.732869,-0.330750,-0.787225,-0.520462
1403636590.663556,207.820180,207.820180,207.820180,-0.576259,0.585203,-0.570494,0.740952,0.079559,-0.666829,-0.344842,-0.806975,-0.479454
1403636590.713556,207.456796,207.456796,207.456796,-0.659339,0.519863,-0.543153,0.612222,-0.048101,-0.789221,-0.436413,-0.852895,-0.286557
1403636590.763556,204.235986,204.235986,204.235986,-0.663139,0.519940,-0.538432,0.610061,-0.041338,-0.791275,-0.433674,-0.853202,-0.289782
1403636590.813555,203.822556,203.822556,203.822556,-0.670146,0.517520,-0.532050,0.607284,-0.029831,-0.793925,-0.426743,-0.855151,-0.294291
1403636590.863556,203.864472,203.864472,203.864472,-0.651095,0.574625,-0.495864,0.588003,-0.031220,-0.808256,-0.479925,-0.817821,-0.317554
1403636590.913556,204.465429,204.465429,204.465429,-0.624573,0.631169,-0.459928,0.572711,-0.030219,-0.819200,-0.530952,-0.775057,-0.342604
1403636590.963556,205.591741,205.591741,205.591741,-0.589860,0.682856,-0.431014,0.566352,-0.030625,-0.823594,-0.575596,-0.729911,-0.368672
1403636591.013556,205.571512,205.571512,205.571512,-0.563974,0.725857,-0.393782,0.550641,-0.024817,-0.834373,-0.615409,-0.687397,-0.385690
1403636591.063556,200.976931,200.976931,200.976931,-0.570005,0.739169,-0.358779,0.482268,-0.052543,-0.874447,-0.665216,-0.671467,-0.326528
1403636591.113555,196.380054,196.380054,196.380054,-0.557643,0.760628,-0.332386,0.483625,-0.027732,-0.874836,-0.674642,-0.648596,-0.352394
1403636591.163556,192.311360,192.311360,192.311360,-0.561741,0.762999,-0.319811,0.410792,-0.078303,-0.908360,-0.718120,-0.641639,-0.269448
1403636591.213556,188.801069,188.801069,188.801069,-0.548902,0.783148,-0.292208,0.409982,-0.052405,-0.910587,-0.728438,-0.619623,-0.292312
1403636591.263556,185.930533,185.930533,185.930533,-0.544787,0.783529,-0.298812,0.346421,-0.114224,-0.931099,-0.763675,-0.610766,-0.209203
1403636591.313555,179.952807,179.952807,179.952807,-0.541046,0.789444,-0.289909,0.288380,-0.149667,-0.945747,-0.790004,-0.595296,-0.146684
1403636591.363556,174.301993,174.301993,174.301993,-0.532579,0.787986,-0.308930,0.234440,-0.213377,-0.948424,-0.813263,-0.577537,-0.071095
1403636591.413556,172.789288,172.789288,172.789288,-0.516419,0.805894,-0.289562,0.236532,-0.190745,-0.952716,-0.823021,-0.560492,-0.092116
1403636591.463556,170.641222,170.641222,170.641222,-0.512105,0.811984,-0.280054,0.203263,-0.202226,-0.958013,-0.834525,-0.547528,-0.061485
1403636591.513556,165.716074,165.716074,165.716074,-0.512537,0.818291,-0.260203,0.207721,-0.175872,-0.962248,-0.833161,-0.547238,-0.079835
1403636591.563556,165.129706,165.129706,165.129706,-0.522823,0.821749,-0.226680,0.219970,-0.126857,-0.967223,-0.823571,-0.555550,-0.114437
1403636591.613555,166.246344,166.246344,166.246344,-0.524081,0.822146,-0.222294,0.233314,-0.112430,-0.965880,-0.819087,-0.558064,-0.132896
1403636591.663556,166.768468,166.768468,166.768468,-0.530378,0.824118,-0.198818,0.254515,-0.068914,-0.964610,-0.808654,-0.562211,-0.173201
1403636592.063556,202.517700,202.517700,202.517700,-0.534146,0.825255,-0.183418,0.263035,-0.043957,-0.963784,-0.803430,-0.563047,-0.193591
1403636592.113555,210.165385,210.165385,210.165385,-0.537505,0.826397,-0.167797,0.274656,-0.016567,-0.961400,-0.797278,-0.562844,-0.218070
1403636592.163556,212.009036,212.009036,212.009036,-0.546603,0.822717,-0.156083,0.266299,-0.005937,-0.963872,-0.793921,-0.568420,-0.215843
1403636592.213556,207.452015,207.452015,207.452015,-0.550478,0.821242,-0.150122,0.251687,-0.008203,-0.967774,-0.796008,-0.570522,-0.202180
1403636592.263556,204.059620,204.059620,204.059620,-0.559069,0.818847,-0.130125,0.251191,0.017710,-0.967775,-0.790155,-0.573739,-0.215588
1403636592.313555,206.414784,206.414784,206.414784,-0.557037,0.812804,-0.170469,0.294443,0.001358,-0.955668,-0.776539,-0.582536,-0.240081
1403636592.363556,209.821278,209.821278,209.821278,-0.592695,0.799758,-0.095397,0.278322,0.092222,-0.956050,-0.755811,-0.593197,-0.277249
1403636592.413556,214.265815,214.265815,214.265815,-0.592622,0.784415,-0.183008,0.394505,0.084575,-0.914993,-0.702257,-0.614443,-0.359577
1403636592.463556,215.294390,215.294390,215.294390,-0.574463,0.804355,-0.151678,0.375820,0.094572,-0.921855,-0.727154,-0.586574,-0.356620
1403636592.513556,207.652586,207.652586,207.652586,-0.570318,0.805942,-0.158731,0.355150,0.067690,-0.932355,-0.740680,-0.588112,-0.324835
1403636592.563556,199.274285,199.274285,199.274285,-0.566696,0.806076,-0.170579,0.354984,0.052037,-0.933423,-0.743534,-0.589519,-0.315634
1403636592.613555,199.279563,199.279563,199.279563,-0.589801,0.773236,-0.232899,0.440926,0.066733,-0.895059,-0.676550,-0.630598,-0.380299
1403636592.663556,201.319399,201.319399,201.319399,-0.576085,0.779238,-0.246809,0.447476,0.047972,-0.893008,-0.684026,-0.624890,-0.376326
1403636592.713556,202.227198,202.227198,202.227198,-0.522407,0.815384,-0.249480,0.671528,0.213104,-0.709674,-0.525491,-0.538272,-0.658880
1403636592.763556,201.511206,201.511206,201.511206,-0.350529,0.855908,0.380200,0.039933,0.419247,-0.906994,-0.935700,-0.302745,-0.181137
1403636592.813555,202.231140,202.231140,202.231140,-0.421029,0.852780,0.309032,0.061133,0.366605,-0.928366,-0.904985,-0.371977,-0.206485
1403636592.863556,207.621660,207.621660,207.621660,-0.431317,0.859414,0.274543,0.044970,0.324405,-0.944849,-0.901079,-0.395183,-0.178569
1403636592.913556,204.533088,204.533088,204.533088,-0.458682,0.846904,0.269007,-0.032351,0.286615,-0.957500,-0.888012,-0.447890,-0.104067
1403636592.963556,200.523990,200.523990,200.523990,-0.242778,0.917260,-0.315743,0.131746,-0.291289,-0.947520,-0.961094,-0.271635,-0.050127
1403636593.013556,200.969024,200.969024,200.969024,-0.230986,0.906992,-0.352153,0.119417,-0.332776,-0.935414,-0.965601,-0.258120,-0.031444
1403636593.063556,201.737136,201.737136,201.737136,-0.223508,0.903305,-0.366175,0.107790,-0.350468,-0.930351,-0.968724,-0.247410,-0.019035
1403636593.113555,203.896807,203.896807,203.896807,-0.180407,0.946794,-0.266522,0.180640,-0.234467,-0.955193,-0.966862,-0.220468,-0.128729
1403636593.163556,203.917278,203.917278,203.917278,-0.169987,0.958764,-0.227763,0.149937,-0.203272,-0.967574,-0.973973,-0.198625,-0.109201
1403636593.213556,198.283278,198.283278,198.283278,-0.345461,0.839783,-0.418833,-0.151812,-0.490444,-0.858148,-0.926072,-0.232873,0.296918
1403636593.263556,196.798682,196.798682,196.798682,-0.299751,0.870691,-0.389931,-0.031893,-0.417643,-0.908051,-0.953484,-0.259753,0.152958
1403636593.313555,200.762680,200.762680,200.762680,-0.299104,0.863423,-0.406248,-0.037848,-0.436138,-0.899083,-0.953470,-0.253544,0.163130
1403636593.363556,201.348410,201.348410,201.348410,-0.373749,0.886608,-0.272467,-0.024125,-0.302949,-0.952702,-0.927216,-0.349498,0.134616
1403636593.413556,195.816821,195.816821,195.816821,-0.522583,0.824628,-0.216554,-0.211779,-0.371586,-0.903921,-0.825867,-0.426513,0.368824
1403636593.463556,193.587620,193.587620,193.587620,-0.520889,0.826799,-0.212315,-0.215571,-0.368070,-0.904463,-0.825956,-0.425356,0.369957
1403636593.513556,200.639421,200.639421,200.639421,-0.486224,0.850940,-0.198716,-0.212977,-0.335950,-0.917485,-0.847483,-0.403781,0.344577
1403636593.563556,204.193301,204.193301,204.193301,-0.606211,0.794917,0.024789,-0.198533,-0.121074,-0.972587,-0.770125,-0.594515,0.231214
1403636593.613555,198.767896,198.767896,198.767896,-0.608716,0.778983,0.150500,-0.423427,-0.158551,-0.891948,-0.670950,-0.606669,0.426355
1403636593.663556,193.549444,193.549444,193.549444,-0.681533,0.673540,0.286107,-0.423924,-0.044700,-0.904594,-0.596491,-0.737798,0.315994
1403636593.713556,192.207033,192.207033,192.207033,-0.741728,0.540354,0.397311,-0.431428,0.069168,-0.899492,-0.513525,-0.838590,0.181820
1403636593.763556,193.505326,193.505326,193.505326,-0.764176,0.481500,0.429177,-0.445202,0.087720,-0.891123,-0.466724,-0.872045,0.147331
1403636593.813555,198.476605,198.476605,198.476605,-0.781461,0.608379,-0.138545,0.240322,0.088561,-0.966645,-0.575816,-0.788690,-0.215414
1403636593.863556,203.410325,203.410325,203.410325,-0.788940,0.599499,-0.134818,0.246676,0.108049,-0.963056,-0.562784,-0.793049,-0.233126
1403636593.913556,204.921804,204.921804,204.921804,-0.815386,0.571421,-0.092861,0.242774,0.191893,-0.950914,-0.525553,-0.797906,-0.295193
1403636593.963556,207.945786,207.945786,207.945786,-0.772268,0.573174,-0.273996,0.583671,0.469827,-0.662262,-0.250861,-0.671367,-0.697377
1403636594.013556,213.017203,213.017203,213.017203,-0.792022,0.561788,-0.238947,0.573079,0.549256,-0.608193,-0.210433,-0.618637,-0.756972
1403636594.063556,215.593993,215.593993,215.593993,-0.805274,0.552588,-0.214895,0.562971,0.598927,-0.569518,-0.186002,-0.579597,-0.793391
1403636594.113555,215.816501,215.816501,215.816501,-0.804462,0.552518,-0.218096,0.565776,0.600873,-0.564667,-0.180940,-0.577646,-0.795981
1403636594.163556,218.807282,218.807282,218.807282,-0.660641,0.619643,-0.423789,0.750317,0.563119,-0.346297,0.024063,-0.546754,-0.836947
1403636594.213556,226.164763,226.164763,226.164763,-0.471587,0.671292,-0.571816,0.852750,0.512290,-0.101867,0.224553,-0.535655,-0.814033
1403636594.263556,230.450262,230.450262,230.450262,-0.494794,0.698201,-0.517392,0.831342,0.553699,-0.047835,0.253081,-0.453798,-0.854411
1403636594.313555,229.270602,229.270602,229.270602,-0.477235,0.687791,-0.546983,0.850834,0.517351,-0.091811,0.219835,-0.509207,-0.832094
1403636594.363556,226.337507,226.337507,226.337507,-0.549774,0.772221,-0.318471,0.814123,0.580687,0.002621,0.186956,-0.257833,-0.947929
1403636594.413556,220.758658,220.758658,220.758658,-0.407004,0.900361,-0.153942,0.912423,0.408638,-0.022334,0.042798,-0.149550,-0.987828
1403636594.463556,213.962048,213.962048,213.962048,-0.375646,0.904098,-0.203707,0.926385,0.372591,-0.054658,0.026483,-0.209243,-0.977505
1403636594.513556,215.830630,215.830630,215.830630,-0.281776,0.936187,-0.210135,0.942681,0.310924,0.121154,0.178759,-0.163952,-0.970137
1403636594.563556,224.853557,224.853557,224.853557,-0.232411,0.951839,-0.199970,0.928501,0.278348,0.245781,0.289605,-0.128550,-0.948474
1403636594.613555,231.049996,231.049996,231.049996,-0.277897,0.954898,-0.104605,0.906383,0.296719,0.300712,0.318188,-0.011246,-0.947961
1403636594.663556,233.747178,233.747178,233.747178,-0.309629,0.949606,-0.048770,0.889217,0.307342,0.338873,0.336785,0.061557,-0.939567
1403636594.713556,239.142878,239.142878,239.142878,-0.317962,0.944560,-0.081893,0.857599,0.323365,0.399948,0.404256,0.056937,-0.912872
1403636594.763556,247.379969,247.379969,247.379969,-0.332066,0.915910,-0.225479,0.775353,0.401177,0.487733,0.537177,-0.012867,-0.843371
1403636594.813555,249.412180,249.412180,249.412180,-0.327280,0.911219,-0.250135,0.775641,0.410254,0.479660,0.539694,-0.037032,-0.841047
1403636594.863556,251.277836,251.277836,251.277836,-0.364886,0.851275,-0.377078,0.695665,0.518448,0.497254,0.618796,-0.080879,-0.781377
1403636594.913556,258.229258,258.229258,258.229258,-0.365321,0.658042,-0.658423,0.561975,0.719779,0.407556,0.742109,-0.221128,-0.632754
1403636594.963556,260.586667,260.586667,260.586667,-0.400834,0.714686,-0.573198,0.556588,0.686928,0.467269,0.727696,-0.131738,-0.673130
1403636595.013556,260.006444,260.006444,260.006444,-0.383935,0.702925,-0.598740,0.569197,0.690751,0.445956,0.727055,-0.169583,-0.665307
1403636595.063556,259.973406,259.973406,259.973406,-0.396960,0.717640,-0.572203,0.568195,0.681745,0.460845,0.720817,-0.142186,-0.678384
1403636595.113555,260.052706,260.052706,260.052706,-0.390300,0.709830,-0.586351,0.578840,0.684437,0.443273,0.715968,-0.166394,-0.678013
1403636595.163556,259.589705,259.589705,259.589705,-0.491323,0.788724,-0.369480,0.529469,0.607301,0.592325,0.691567,0.095395,-0.715986
1403636595.213556,262.856510,262.856510,262.856510,-0.279097,0.554287,-0.784137,-0.089326,0.798059,0.595922,0.956099,0.236364,-0.173224
1403636595.263556,271.314139,271.314139,271.314139,0.091006,0.365102,-0.926509,-0.510678,0.815836,0.271329,0.854942,0.448455,0.260696
1403636595.313555,280.556537,280.556537,280.556537,0.398602,0.251493,-0.881968,-0.686971,0.718993,-0.105454,0.607608,0.647921,0.459360
1403636595.363556,286.665704,286.665704,286.665704,0.392688,0.234973,-0.889148,-0.678755,0.726409,-0.107803,0.620554,0.645847,0.444741
1403636595.413556,289.147253,289.147253,289.147253,0.385650,0.232347,-0.892910,-0.674173,0.731664,-0.100788,0.629893,0.640845,0.438809
1403636595.463556,294.921512,294.921512,294.921512,0.399892,0.231432,-0.886863,-0.737085,0.656321,-0.161086,0.544786,0.718110,0.433043
1403636595.513556,300.890391,300.890391,300.890391,0.389274,0.246809,-0.887441,-0.738891,0.658939,-0.140854,0.550006,0.710553,0.438873
1403636595.563556,298.130403,298.130403,298.130403,0.302538,0.248409,-0.920198,-0.752907,0.654296,-0.070909,0.584467,0.714276,0.384978
1403636595.613555,289.236938,289.236938,289.236938,0.105119,0.295665,-0.949490,-0.731178,0.670124,0.127723,0.674040,0.680820,0.286626
1403636595.663556,279.617405,279.617405,279.617405,-0.155146,0.397242,-0.904505,-0.614267,0.678280,0.403251,0.773696,0.618170,0.138780
1403636595.713556,276.178185,276.178185,276.178185,-0.130764,0.598338,-0.790501,-0.655652,0.545895,0.521651,0.743654,0.586507,0.320918
1403636595.763556,279.309418,279.309418,279.309418,-0.124318,0.599302,-0.790811,-0.654484,0.549506,0.519320,0.745785,0.582134,0.323920
1403636595.813555,282.253599,282.253599,282.253599,-0.089148,0.557631,-0.825288,-0.649393,0.595717,0.472662,0.755209,0.578074,0.309015
1403636595.863556,285.280143,285.280143,285.280143,-0.097994,0.584107,-0.805740,-0.655865,0.571031,0.493725,0.748491,0.576839,0.327137
1403636595.913556,289.853166,289.853166,289.853166,0.384379,0.919597,-0.081206,-0.917539,0.370846,-0.143515,-0.101861,0.129674,0.986311
1403636595.963556,294.773199,294.773199,294.773199,0.378227,0.925331,-0.026609,-0.920188,0.372678,-0.119858,-0.100991,0.069819,0.992434
1403636596.013556,294.943503,294.943503,294.943503,0.368132,0.929620,0.016906,-0.925037,0.368029,-0.094136,-0.093733,0.019015,0.995416
1403636596.063556,294.767392,294.767392,294.767392,0.335960,0.939251,0.070275,-0.938053,0.340379,-0.064796,-0.084780,-0.044153,0.995421
1403636596.113555,298.004191,298.004191,298.004191,0.323780,0.942377,0.084219,-0.942734,0.328874,-0.055627,-0.080119,-0.061386,0.994893
