0.0 0.0 0.0 1.0 0.0 0.0 0.0 1.0 0.0 0.0 0.0 1.0 
0.00020627359814507935 -0.0005039382373792658 7.327621933085298e-05 0.9999822278947184 0.00038153718913906036 -0.005949649074323345 -0.00035776938071604335 0.9999919544454667 0.003995378012678814 0.00595112559142923 -0.003993178404226468 0.9999743189854693 
0.0002600806826967721 -0.0004636345886481443 9.096753880236062e-05 0.9999693987833213 0.0011473147874047568 -0.007738550620214228 -0.0010981910674112963 0.9999792406820571 0.006349187453198941 0.007745674489834548 -0.0063404947531721205 0.9999499000714899 
0.0006327703565457168 -0.0006423312493645717 0.0007891977575188584 0.9999658649069175 -0.0022089971486581425 -0.007961743060265243 0.002265258147787438 0.9999724814719038 0.007064340340539952 0.007945918857145734 -0.007082134601962722 0.9999433512669582 
0.0006607851500292589 -0.0006526200622645771 0.0010314085830037524 0.9999552665743792 -0.0041656033907633925 -0.008491913715599637 0.004226712249167501 0.9999652121617757 0.007190922737568909 0.008461663768140762 -0.007226493938682068 0.999938087099211 
0.0006763155539736271 -0.0006694166201569209 0.0010389463795640104 0.9999551677873765 -0.005233380795828772 -0.007891396629595777 0.0052914738334315994 0.9999589237434837 0.007358745167747703 0.007852561364921237 -0.007400172377694461 0.9999417856699412 
0.0006776106236889352 -0.0006731061039141643 0.0010445857424684665 0.9999503487778768 -0.005859851155546033 -0.008059908401300794 0.005918615465580926 0.9999559373738443 0.007286515063254166 0.00801685536685673 -0.007333856777391375 0.9999409705451595 
0.0006770979943779505 -0.0006822362680264645 0.0010634072604697438 0.9998803915649003 -0.01277620946341158 -0.008716136516188216 0.01283758534175548 0.999892935356077 0.007022408959970515 0.008625483558325417 -0.007133463167001124 0.9999373554061425 
0.0006744865268190799 -0.0006828775043211705 0.0010684323398185123 0.9998614316640662 -0.013993498942281407 -0.009016621209549328 0.014060212868569991 0.9998739255482606 0.0073785786437535845 0.008912232311526921 -0.007504331819950849 0.9999321262561582 
0.0006754350262021725 -0.0006828833427649547 0.0010616867795756183 0.999863615646688 -0.01364961011921162 -0.0092972173001183 0.013719551658588527 0.9998777464177836 0.00750107464179211 0.009193693937663146 -0.007627605265608044 0.9999286452690975 
0.0006725508393013672 -0.0006852435153237973 0.0010557753309825791 0.9997765641451188 -0.01892263677639531 -0.009421019244728573 0.019013835734726377 0.9997722942069778 0.009686784129371193 0.0092355745264589 -0.009863749466851196 0.9999087011370695 
0.0006738005010053862 -0.0006892813367141323 0.0010600252259175213 0.9997721305008421 -0.01889881449217161 -0.00992581908951032 0.018988954882337948 0.9997785795180366 0.009067057371243558 0.00975226467461465 -0.009253472196282477 0.9999096292095746 
0.0006752588701761138 -0.0006900388821681824 0.0010469638177694328 0.9997640338051146 -0.019194353943329398 -0.01017120870023528 0.01929445172229944 0.9997654583996043 0.009836275909354923 0.009980022167380337 -0.010030202775980903 0.9998998920841082 
0.0006783315039563995 -0.0006915887546888332 0.0010450589327214133 0.9997558132503704 -0.019654504136549966 -0.010100214811417818 0.019765362808920956 0.9997441783162814 0.010995833562545264 0.009881513301218992 -0.011192782935883858 0.9998885324400055 
0.0006804566483709421 -0.0006886943963235088 0.0010299331451733452 0.9998260649140359 -0.015900740132571832 -0.009747121716207154 0.016013431135882487 0.999804549080592 0.011594553075062254 0.009560854656906294 -0.011748621237851949 0.9998852733975229 
0.0006811399081573861 -0.0006889280120707872 0.0010286141640193874 0.9998381275257354 -0.015315789849122737 -0.0094416803127814 0.01542332022968003 0.9998157979544737 0.011423281216523364 0.009264984561454906 -0.011567054160698897 0.9998901756288635 
0.0006832662509135372 -0.0006854768218665169 0.001034058767640261 0.9998901313964687 -0.011826464274703711 -0.008936435458941518 0.011907905320155126 0.9998875457509582 0.009115790860461413 0.008827622943855936 -0.009221203548594261 0.9999185179194735 
0.000681312605362732 -0.0006960488284801434 0.0010803857434231806 0.9998919270910648 -0.0117706440978959 -0.008808295841850236 0.011849059296497592 0.9998901547525443 0.008903831912228736 0.008702524455867486 -0.009007239668944492 0.9999215647747783 
0.0006802102490784944 -0.0006969307415259718 0.001079210453089865 0.9998744204271791 -0.012899337350986704 -0.009206001918203576 0.012977000453873235 0.9998802855753205 0.008426860449523486 0.009096198911232234 -0.008545268499058914 0.9999221157428444 
0.0006828568694229515 -0.0006919942529792165 0.001046077169676484 0.9998299362080886 -0.01604775193989182 -0.009086711165496924 0.016130203175840106 0.9998287209732116 0.009074429049689105 0.00893953061606625 -0.009219456315175109 0.9999175398089669 
0.0006822512897185018 -0.0006910255918647324 0.001052937431983293 0.999848636666208 -0.015279973380982904 -0.008320226571519955 0.015358555144068343 0.9998372592608341 0.009464131110155299 0.008174260860260367 -0.009590485246328856 0.9999205988737948 
0.0006838074585398266 -0.0006867308515833326 0.0010432058915398413 0.9998656478663157 -0.013715969531489843 -0.008975432952450155 0.013804576958290009 0.9998558411494706 0.009885877517309849 0.008838544669533235 -0.010008451383498151 0.9999108515407905 
0.00068332830341333 -0.000685060559307492 0.0010364267536781076 0.9998517836656075 -0.014709837822417629 -0.008946025482948863 0.01479986871040718 0.9998396431314757 0.010082257132111484 0.008796282559019415 -0.010213162779544553 0.9999091542331136 
0.0006949319979319337 -0.0007003546862262311 0.0011111226395791065 0.9999091881180651 -0.010534535560253497 -0.008404705682033248 0.010618797360564636 0.9998931666505849 0.01004472140384754 0.008297991304352697 -0.010133057090306057 0.9999142285687895 
0.000695788776194615 -0.0006964861354511163 0.0011073908511097842 0.999925818127053 -0.008345112158412089 -0.008872279639831358 0.008432302312255604 0.9999160742094767 0.009835690886909226 0.008789455083142078 -0.009909775001059466 0.9999122670708515 
0.0006956085800074465 -0.0006975066001876129 0.0011097986081821816 0.9999199127250358 -0.00888749950741828 -0.009010021557264686 0.008976561674075364 0.9999107708117766 0.00989301547104081 0.008921293430229488 -0.009973102180584103 0.9999104698703917 
0.0006937435316998752 -0.0006984740003158525 0.0011086234046483 0.9998877871106611 -0.01118491357843496 -0.009965485195831935 0.011282167001900715 0.9998887521318219 0.009756847237149037 0.009855247063703014 -0.009868184661364085 0.9999027417888214 
0.0006936691007771674 -0.0006980953552602597 0.0011130754382474833 0.9998752092288408 -0.012103463440027145 -0.010152445140845475 0.012215693578948222 0.9998641476751589 0.01106630128874867 0.010017125334505593 -0.011188939475394599 0.9998872260577434 
0.0006875092399733345 -0.0006920451059888487 0.0010964953711254573 0.9998633429507602 -0.0128537624361883 -0.010395971073674683 0.01296233770004941 0.99986143121037 0.010444911646372011 0.010260274103576566 -0.010578240363343731 0.9998914079069461 
0.0006861846485367711 -0.0006933363099884738 0.001100878206174278 0.9998474766807818 -0.013162145091935596 -0.011479604159223219 0.013275895126502001 0.9998629636919882 0.009889613018914197 0.011347862515193766 -0.010040506643222364 0.9998852005318829 
0.000689390345643216 -0.0006929895038426423 0.001106588179496509 0.9998457687828094 -0.013384581159804747 -0.011370647927429861 0.013505768275603467 0.9998520876134683 0.010648808303041837 0.01122643622877127 -0.010800735260426932 0.9998786482605955 
0.0006894533356070022 -0.0006943492017748487 0.0011085466194523052 0.9998021658503417 -0.016826886674059228 -0.010605896747769268 0.016955512657559468 0.9997823372260848 0.012156840102045877 0.0103990264681515 -0.012334263480473333 0.9998698546275455 
0.0006914732922160302 -0.0006941845660399037 0.0011003979973145963 0.999819671256137 -0.016291267873393148 -0.009758051052717896 0.016405082847539894 0.9997969770499783 0.011699484539520404 0.009565470507792748 -0.011857456422119921 0.9998839445161434 
0.000689222508633283 -0.0006890016137041901 0.0010773789792717626 0.9997952458321002 -0.017224422716501247 -0.010620059962804237 0.017354752838235708 0.9997736798784609 0.012304534782125332 0.010405717921125452 -0.012486323893126362 0.9998678976495754 
0.0006875623850765999 -0.0006890454603349676 0.0010838888149603898 0.9997630710059519 -0.0186247465039388 -0.011265907438465486 0.01874955597019212 0.9997628574321049 0.011076238084889112 0.011056943685697493 -0.01128484456501437 0.9998751903510131 
0.0006860087496044487 -0.0006906703656739774 0.0010711485302672195 0.9997682597616454 -0.018358241062665166 -0.011242853652714713 0.01847292864627564 0.9997774990557057 0.01018348119005195 0.011053401304616368 -0.010388809701000765 0.9998849408569945 
0.0006888279580916586 -0.000688754620234136 0.0010721588506722372 0.9998088101318098 -0.016162194814303373 -0.0110057549309103 0.01628210765724273 0.9998080835354856 0.010894451217818856 0.010827564502357345 -0.01107156519576082 0.9998800849557228 
0.0006935466897048992 -0.0006897247135741107 0.0010726676880463022 0.9998260264292693 -0.014860522740965689 -0.011273053646780625 0.014986316194423935 0.9998254439077586 0.011157600170922162 0.011105278095513831 -0.011324600589806996 0.9998742051977852 
0.0006931248557483649 -0.0006874517003947899 0.0010747937753192952 0.9998207612702709 -0.014411019973132363 -0.012278755485392423 0.014550755230817093 0.9998295081937599 0.011367940325192562 0.012112838443111645 -0.011544567915615997 0.999859991247021 
0.000693076080201093 -0.0006903222951212555 0.0010592152040840002 0.9998078488981264 -0.015482668420852021 -0.012022988824388393 0.01563191300947199 0.9998006720251862 0.012420125347613015 0.011828295623872314 -0.012605681122258749 0.9998505829503117 
0.0006935708266815257 -0.0006802820235137194 0.0010075364515121407 0.9997433672386297 -0.0188798094642501 -0.012520082146697397 0.019041521204507465 0.9997351438021852 0.012925274350761526 0.01227273940832817 -0.013160358711591923 0.9998380793038428 
0.0006931964093152579 -0.0006829811606568201 0.0010103446724662728 0.999709762787146 -0.01996037469746592 -0.013489760190791423 0.020129724811926167 0.9997187692983952 0.012537004885470918 0.013235723140970537 -0.012804911340534917 0.999830410558959 
0.0006966634600537719 -0.0006824422535135842 0.0010231720684682755 0.9997104527791782 -0.01996541840871606 -0.013431033907158647 0.020124738875011566 0.9997274453799895 0.011833420435898743 0.013191114026606754 -0.012100290152101718 0.9998397759086063 
0.0007002705224940504 -0.000649392169945184 0.0011763468215641008 0.9998536583948998 -0.008981675283854186 -0.014559921134069644 0.009159120341564153 0.9998840341784466 0.012166704960825545 0.014448955287621 -0.012298280535523412 0.9998199737887646 
0.0006989688919948824 -0.000651866490661129 0.0011776942938653977 0.9998431544302557 -0.010698012485550976 -0.014114498496751464 0.01084586759196259 0.9998866722214955 0.010440779185539819 0.014001203345906361 -0.010592225577402576 0.9998458736536268 
0.0007008623840944952 -0.0006490683360749923 0.001168206109747123 0.999870102825174 -0.00935893353844637 -0.013122036404422823 0.009510766358893172 0.9998879892619097 0.011556567528543216 0.013012409448007701 -0.011679866985465942 0.9998471172672146 
0.0007043039768186035 -0.0006426153431615609 0.0011567001720854536 0.9998959348235633 -0.003912076622799342 -0.013885790572013385 0.004073323670274933 0.9999243845641692 0.011603154236873983 0.013839348163466618 -0.011658508071998561 0.9998362624109737 
0.0007066287939962715 -0.0006434032480529444 0.0011700464479061042 0.999930766305141 -0.003835745432788955 -0.011124282151602334 0.003947189376396954 0.999942073206763 0.010013487254072431 0.011085228569609137 -0.010056703631680246 0.9998879839360127 
0.0007019057194649862 -0.0006462103289389076 0.001144176683817828 0.9999310111802843 -0.002876366248060323 -0.01138856431606923 0.0029958465924647673 0.9999405102136275 0.010488133146782111 0.011357719100622415 -0.010521527974454648 0.9998801426500649 
0.0007026270972183722 -0.0006474285695345455 0.0011444313292198827 0.9999156650058431 -0.00664664935586288 -0.011157281401078354 0.006767620484956941 0.9999183452893169 0.01083983703041459 0.011084321760677673 -0.010914431098988339 0.9998789991818466 
0.0007066248104128757 -0.0006502474054493464 0.0011498489428505372 0.9999216061077757 -0.008543460560779509 -0.009153738061181508 0.008638867364430008 0.9999082427324276 0.010434370436607675 0.009063752506887202 -0.010512630374695537 0.9999036618560304 
0.0007029365778417264 -0.000657679207511411 0.001132505052402548 0.9999065298376792 -0.010437082322942267 -0.008831698622251596 0.010524712119043857 0.9998952617989064 0.00993457935232914 0.008727085583481238 -0.010026601851105845 0.9999116487132941 
0.000704392547688283 -0.000662380007069775 0.0011499039293219409 0.9998765619510781 -0.012203838828604012 -0.009895816223908107 0.012301022953921688 0.9998761179158897 0.009820063937522609 0.009774747831990222 -0.00994058043050794 0.9999028148602871 
0.0007087826014070571 -0.0006644137293457811 0.0011831911012998477 0.9997568319723852 -0.020142062981900806 -0.008976314576317182 0.020243619427402035 0.999730419273639 0.011370340867020904 0.008744872613044399 -0.0115492890598026 0.9998950650569263 
0.0007067685228415812 -0.0006652045460280193 0.0011881827333588323 0.9997736179637877 -0.019155662742218485 -0.009261393442922415 0.019241045623573802 0.9997723634252247 0.009219733968613277 0.009082675096565724 -0.009395845680237231 0.9999146079026165 
0.0007097573988490255 -0.0006603754745212257 0.0011972218773806031 0.9998622723438695 -0.013800430080838685 -0.00921870234565108 0.013890041149699404 0.9998562029335571 0.009728320109307312 0.009083121721824891 -0.009855028405508458 0.9999101836239659 
0.00071205274340991 -0.0006608869749984995 0.0012015955745319684 0.999880412872595 -0.013429785005566332 -0.007668169822935365 0.013508475799067828 0.9998556626374802 0.01030412409433846 0.007528680848270143 -0.010406477140213847 0.9999175086967 
0.0007178448822766214 -0.0006680646430573256 0.0011780119773882347 0.9998605047901192 -0.01437255849216264 -0.008508849701190861 0.014459039112970707 0.9998435289824358 0.010190865511759122 0.008361049502166311 -0.010312473725471585 0.999911868984904 
0.0007285752786896067 -0.0006893295008993465 0.0010982533192587486 0.9998191764099684 -0.017296677288177995 -0.007901862924709716 0.0173726589895872 0.9998025106430114 0.009650410953033112 0.007733382346928765 -0.009785942301052772 0.999922212039895 
0.0007339266561306845 -0.0006915703104771572 0.0010942300043148673 0.9999002831858871 -0.011642698117658534 -0.007991950032623714 0.011691229447778168 0.9999133349782272 0.006052907294770352 0.007920785237732954 -0.006145739439705365 0.9999497442611588 
0.0007352224815807139 -0.000686437557342553 0.0010792818462688778 0.9999306809842741 -0.008514304419786428 -0.008132640811771542 0.008564837527050798 0.9999441056064787 0.006199130664420308 0.008079404957130765 -0.00626835569400294 0.9999477140993084 
0.0007373967904170484 -0.0006821372420144803 0.0010810013634491593 0.9999613554652677 -0.003925917587861788 -0.007866050289559737 0.003983769822080175 0.9999650341555361 0.007352553591937705 0.007836909727006472 -0.007383605989687575 0.999942030924053 
0.0007452739477456545 -0.0006899795780884563 0.001042388842428223 0.999952616845886 -0.006664068168201145 -0.007096073457505172 0.006719087745041965 0.9999473313261583 0.007758120492009161 0.007043999072910789 -0.007805432027996518 0.9999447271264132 
0.0007347190789581896 -0.0006950190459093141 0.0010519206756199806 0.9999571757512284 -0.0062844521559602354 -0.006793550229915417 0.006337949331856597 0.9999488504159673 0.00788206508805023 0.006743668281711045 -0.007924784721674684 0.9999458588969812 
0.000731335418510409 -0.0006983062129714058 0.0010571786667948437 0.9999422007605203 -0.008778325750858136 -0.006207747998991913 0.008829315958414165 0.999927112776538 0.008234823257553418 0.006135007572420763 -0.0082891574595052 0.9999468243615247 
0.0007335885824008778 -0.0006939956638282872 0.0010635221595147186 0.9999622071155255 -0.004479213529951551 -0.007451240621533688 0.004551453669218509 0.9999425323216729 0.009706509342559613 0.007407334888058737 -0.009740056482040472 0.9999251285419238 
0.000735856102733157 -0.0006932161139455065 0.0010717418696859474 0.999970905921095 -0.0041631694535965175 -0.006391817538472987 0.0042188770503150674 0.9999530204748281 0.008726850503035725 0.006355185896479727 -0.008753562895681445 0.9999414916628135 
0.0007408412836274197 -0.0006905282018237551 0.0010750686257933813 0.9999896029730173 0.0014979772670355588 -0.004306972251428104 -0.0014580669265448635 0.9999561112790399 0.009254704562434865 0.004320646560972444 -0.009248328487228456 0.9999478988594793 
0.0007369839023631396 -0.0006907537123207003 0.0010681865903415402 0.99998619549934 -0.001106524277223678 -0.005136576172867492 0.0011520381628132386 0.9999600303396283 0.008866258017951692 0.0051265601359173915 -0.008872053155464377 0.999947501148925 
0.0007375833222280823 -0.000686273571582039 0.0010511351078734456 0.9999799091253289 0.0006816180993347186 -0.006302122060530511 -0.0006215274828762368 0.9999543760299687 0.009532028226137888 0.006308331735664789 -0.009527919777292376 0.9999347097163046 
0.0007346020290978059 -0.000690833185038826 0.0010579738327747778 0.9999598876485253 -0.0020879230810723452 -0.00870997538206577 0.002175900345851512 0.9999465906417551 0.010103530156098923 0.008688414794057065 -0.010122076918192354 0.9999110235452096 
0.0007223897189349589 -0.0006848239506734011 0.0010966681157624446 0.9999650247523783 -0.0011383145999004482 -0.008285741478425297 0.0012310674810347966 0.9999365448874941 0.011197797610148075 0.008272469089261233 -0.011207606271294185 0.9999029732013176 
0.0007277974031749982 -0.0006842835984610346 0.0010986302925220734 0.9999649442438037 0.0017031666996960729 -0.008198140440352213 -0.001615175330854607 0.9999411513535129 0.010727769500769153 0.008215929170659317 -0.01071415199649886 0.999908848573138 
0.0007254437645675851 -0.0006892875634667849 0.001108111069098301 0.9999632356720475 0.0007760165361231926 -0.008539619583153722 -0.0006941121088900923 0.9999537749711189 0.009589897256442617 0.008546666757842575 -0.00958361723695687 0.999917550985073 
0.0007212722994881411 -0.000690880292421363 0.0011149091080866526 0.9999546243203301 0.00035903084017020704 -0.009519474630637821 -0.0002556672298501719 0.9999410270966179 0.010857115787741189 0.009522811278983278 -0.01085418932102462 0.9998957458853038 
0.0007201907060143681 -0.0006914068573431257 0.0011154682170960385 0.9999452437104458 -0.003930402813820882 -0.0096985315681413 0.004043389014903875 0.9999238698763395 0.01165784957868512 0.00965197317294651 -0.011696426174101346 0.99988500990295 
0.0007216440366898303 -0.0006860646727621578 0.0011084841721334584 0.9999523313732414 0.0001980664646988607 -0.009761954255932098 -8.058217056877527e-05 0.9999275874822546 0.01203383972104818 0.009763630868336613 -0.012032479444971107 0.9998799382679269 
0.0007317554257111295 -0.0006836251133381097 0.0011037463697213929 0.9999244686774811 0.007512128106533064 -0.009727531617440633 -0.007412643396349119 0.9999202671827797 0.010223110827777 0.009803553332125703 -0.010150231939689138 0.9999004266093873 
0.0008053645920858159 -0.0008926447224071177 0.0013241948307979973 0.9999232982684043 0.007558156073090925 -0.00981182229815341 -0.007473275037759688 0.9999345844545733 0.008658924406059917 0.009876625954532228 -0.00858493380490851 0.9999143719195758 
0.0008073415759433609 -0.0008979364167803151 0.0013174807951912661 0.9999310933226836 0.008312371461161433 -0.008289335751096407 -0.008233811095849088 0.9999212889619311 0.009466796477595966 0.008367374817743528 -0.00939789132742127 0.9999208302047005 
0.0008038426797042846 -0.0009027503490441646 0.0013064959485677224 0.9999566859456991 0.0025045518066595814 -0.008964008742872256 -0.002416383320510956 0.9999487334751719 0.00983318427814478 0.008988176908744535 -0.009811097881855805 0.999911473598643 
0.000803475795032071 -0.0009003867310149025 0.001309221690707859 0.9999624796021719 0.003336530407366766 -0.00799418242953149 -0.0032346128271431513 0.9999137619323938 0.012728156899826698 0.008035960909212662 -0.012701821249287126 0.9998870371543062 
0.0008006661968671257 -0.0008993541978730952 0.0012987341060743342 0.9999317074157217 0.004626204665819881 -0.010732135624819153 -0.004496275718302064 0.9999166925592655 0.012099233281666805 0.010787215087527146 -0.012050152352942795 0.9998692063559744 
0.0008034686760984448 -0.0008968036428055484 0.0012923879361607543 0.999950957574308 0.004542747303335831 -0.008800334832417503 -0.004431847717914313 0.9999110406275875 0.012580522916804216 0.008856702096708653 -0.012540904193599975 0.9998821353289482 
0.0008061016221275343 -0.0008933982620475045 0.0012855854003869 0.9999208724649932 0.00811841700760775 -0.009609376365681951 -0.007994177118528734 0.9998848660953703 0.012897584488614203 0.009712977969929369 -0.012819744877880188 0.9998706477341065 
0.0008103001372888786 -0.0008926629902930816 0.0012889253784330753 0.9999391824920123 0.008390418840683677 -0.007157666441235248 -0.008282210703957639 0.9998529545991178 0.015015797190615649 0.0072826027669600675 -0.014955602665635098 0.9998616372507979 
0.0007993433339457958 -0.0009030799699448526 0.0012616606533884054 0.9999635759927582 0.004865642343091064 -0.00701229009413737 -0.004757092858000675 0.9998698760743999 0.015414311094063335 0.007086378152171725 -0.01538039152795937 0.9998566031192329 
0.000803568399372021 -0.0009047947410160774 0.001218004024637405 0.9999580328159223 -0.00657091358731842 -0.0063840192307730685 0.006656202694441399 0.9998876361674716 0.013431679162212946 0.006295043494797892 -0.013473608798466305 0.9998894110317124 
0.0008058808510141948 -0.0009088301681627356 0.0012272051446460706 0.9999742676938685 -0.005857856451460227 -0.004141191604538661 0.005907541135189395 0.9999094741547548 0.012089022015774248 0.004070000964061418 -0.01211317519711141 0.9999183497060131 
0.0008070557211052011 -0.000912579733962523 0.0012322488769820107 0.9999701455075839 -0.007063186234968193 -0.0031336071469884115 0.0070978957571153495 0.9999120047462026 0.011207258373545992 0.0030541724513564934 -0.011229165803408938 0.999932286640449 
0.0008391911351964915 -0.0008904394254147014 0.0011931675089296898 0.9999595882897134 -0.008963933364751741 -0.0006853364859547623 0.008972467896196412 0.9998662595415385 0.013673253097355089 0.0005626786990948073 -0.013678849697430568 0.9999062818402715 
0.0008396741851903097 -0.0008855061649274234 0.0011883109156474866 0.9999491901781116 -0.009945285985747643 -0.001645706170804884 0.009966959073058957 0.9998560392469504 0.01373173362095459 0.0015089032357647855 -0.013747438600065776 0.9999043609980719 
0.0008370619554887332 -0.0008901164399623248 0.0011791133638249674 0.9999076370124326 -0.013521963850404498 -0.0013689184934696605 0.013539876618868442 0.9998095778836746 0.014052747532572548 0.0011786370769787324 -0.014069984566329777 0.999900318206242 
0.0008423537326289333 -0.0008818741682771165 0.0011744669392444499 0.999983038054052 -0.005592392914039596 -0.0016274967537241915 0.0056131775020119914 0.9998989648464218 0.013059568805480672 0.0015542980792915785 -0.01306848271794309 0.9999133957083142 
0.0008527483146343688 -0.000879248265393592 0.0011644625902233418 0.9999970753883078 -0.00226260572543084 -0.0008543009787632173 0.0022732318433786648 0.999917409974464 0.012649333853847507 0.0008256099668229832 -0.012651238883646573 0.9999196290316996 
0.0008503504275107403 -0.0008865572482563671 0.001172574852525423 0.9999798555952323 -0.006337701260794419 -0.00034920834365173917 0.006341318576133644 0.9999129206246672 0.011573195175230717 0.0002758304811538077 -0.011575176481459191 0.9999329673567967 
0.0008562460509567796 -0.0008339786923542526 0.0009622744265369143 0.9999848839946096 -0.005498287358485107 2.4867862930071276e-05 0.0054975549416910845 0.9999078259916242 0.01241436306730366 -9.31233062760469e-05 -0.012414038699281878 0.9999229385163751 
0.0008524712324273348 -0.0008315916331165542 0.0009781093500494716 0.9999921700119989 -0.003948893628015396 -0.00025720382594812766 0.003951812063901393 0.9999133510394368 0.012556814663579184 0.00020759601409076018 -0.0125577327650533 0.9999211270153744 
0.000849305543063791 -0.000828930812064806 0.0009783821487539413 0.9999971609980649 -0.0014663539121267694 -0.0018782443969661458 0.0014979709986208776 0.9998553178634901 0.016944008468672906 0.0018531267354487586 -0.01694677392023505 0.999854675827942 
0.0008390494858143701 -0.000818255486043074 0.0010433925140386398 0.9999944604916544 -0.0022555461776784386 -0.0024477535507698386 0.002296488976454622 0.999855310217064 0.01685481441961517 0.002409382573600251 -0.016860342291276455 0.9998549513471616 
0.0008388139921336388 -0.0008180124978639729 0.0010406916976780296 0.9999824794654624 -0.0056194991809780555 -0.0018606426473424147 0.005647222407892167 0.9998678281821313 0.015245820588735613 0.001774722846509569 -0.015256060936660584 0.9998820445250104 
0.000876390783329465 -0.0008000313353379283 0.0008221998945585693 0.9999653710521053 -0.008210402985459551 -0.0013586682603544647 0.008230304133199537 0.9998482331344638 0.01535489471686461 0.0012323921861065008 -0.015365545246014377 0.9998811835557224 
0.0009117021056844843 -0.0008089280429414433 0.0009466100513444845 0.9999697346570812 -0.007741849936046724 -0.000770408602211096 0.007752558716758743 0.9998569404016657 0.015033182097055037 0.0006539137480092849 -0.015038699750568246 0.9998866985347002 
0.0009145853233180043 -0.000844817705368172 0.0010080158900270069 0.999916285680127 -0.012867793661885276 -0.0013570253991013533 0.01288683649607513 0.999802827764559 0.015107449788601107 0.0011623582847328834 -0.015123672843156275 0.9998849551038115 
0.0009113863456822104 -0.0008291184190997873 0.0011383589661977576 0.999923283028686 -0.012201755637450552 -0.002131951335756371 0.012234832603539678 0.999792944889778 0.01625965005123221 0.0019331136276619248 -0.01628448672783753 0.9998655302407986 
0.0009122412306917741 -0.000832763510425316 0.0011497421036868426 0.9999211394452829 -0.01242802801446296 -0.0018052728654821607 0.012453595841924587 0.9998111485645238 0.014918952935569284 0.0016195187720804284 -0.01494025855731609 0.9998870765407399 
0.0008692922651565266 -0.0008203261768448632 0.001013236495303666 0.9999380993426862 -0.011055270397807222 -0.001256375488285996 0.011073711214693563 0.9998143953937856 0.01576539512008883 0.0010818515932273457 -0.015778331971102587 0.9998749290973046 
0.0008665943486231989 -0.0008227806364216073 0.0010349177496244471 0.9998839949259015 -0.015033911525738899 -0.00244503481694413 0.015071248231722413 0.9997576723717824 0.016045373491871108 0.002203217591981772 -0.016080361873791617 0.9998682752214165 
0.0008590576748682473 -0.0007948562219102055 0.000996004364881669 0.9996938044194409 -0.02443657847843736 -0.0038924333843729218 0.024501024786927617 0.9995470986223077 0.01747276223488973 0.0034636959703425794 -0.017562780759145233 0.9998397629331568 
0.0008598237070694375 -0.0008000365866848391 0.000997162955019916 0.9996165974555877 -0.027590809974450445 -0.002324929303733912 0.027628855085189544 0.9994501147650245 0.01833342474446309 0.0018178168211320954 -0.01839063079758444 0.9998292255384775 
0.0008628445021465153 -0.0007970125175463554 0.0009972034447159473 0.9997000533537875 -0.024412190592269577 -0.001961702046976151 0.024444764355987313 0.9995247410143504 0.01878152272250547 0.0015022716181363137 -0.018823842612029084 0.9998216871669182 
0.0008650238348071846 -0.0007979425241234074 0.0009969986647440918 0.9997690412970945 -0.021424129979601175 -0.0016943194815580694 0.021453456987098194 0.9995744436597646 0.0197656460955581 0.0012701366820782785 -0.019797430057693792 0.9998032048938029 
0.0008657629299419306 -0.0008016227741144993 0.001004477295424814 0.9998174101365697 -0.01895686658095744 -0.002404911065764279 0.018999172699985623 0.9996390609685797 0.018994189179122812 0.0020439727294113996 -0.01903641235338119 0.99981670179098 
0.0008628039105434457 -0.0008009685550049409 0.000997215148023603 0.9997776098257523 -0.020969766776624515 -0.0022360170929209165 0.021009478331072654 0.9995885188846405 0.019529330102865932 0.0018255715165527177 -0.01957196452440305 0.999806784080451 
0.0008634109531175211 -0.0007971897019089485 0.0010087527216958792 0.9998230211500307 -0.018778185908359574 -0.0011428527535479378 0.018796961056476488 0.9996318420968802 0.019566668623948895 0.0007750054622468252 -0.019584687896139825 0.9998079012323039 
0.0008692084756776486 -0.0007948011603518215 0.0010184066404627637 0.9999179604550006 -0.012773426049429016 -0.0009549588848037435 0.012790400972082621 0.9997057084391504 0.020613154953809575 0.0006913772380150559 -0.020623678167004653 0.9997870702786561 
0.0008716674206230485 -0.0007910257287796322 0.0010191866881371844 0.9999564420629983 -0.008996490408949247 -0.002485384684772028 0.009044499448981077 0.9997584188538777 0.020032497610430522 0.0023045620900718016 -0.020054104096573544 0.9997962401921988 
0.0008606973519359555 -0.0008037106961329864 0.0010859340995119657 0.9999218183316773 -0.01208156380573471 -0.0032238238599838274 0.012144838148202547 0.9997183767315808 0.02038798988441557 0.002976597155512332 -0.020425548736350475 0.9997869457180328 
0.0008441894172804919 -0.0008048998090239683 0.000990211041469365 0.9998503952624077 -0.016629952921407 -0.004757284880986146 0.01672311391476641 0.9996548022326465 0.020263608617475923 0.004418659819540156 -0.02034013370261575 0.9997833537353775 
0.0008469963303591502 -0.0007985511653398294 0.00100149927240205 0.9999294889732983 -0.011305840299766659 -0.0036325000639619224 0.01137523494304503 0.9997414661856135 0.019687681911035555 0.003408975152305822 -0.019727614254028827 0.9997995799780349 
0.0008479298373044493 -0.0007942967729171058 0.0009949800344779835 0.999961499536902 -0.007982033031324718 -0.0036450778588351476 0.008059662226101704 0.9997297863547794 0.021803580435983565 0.0034700560098186377 -0.02183211908436964 0.999755628785142 
0.0008509506386453021 -0.0007907444209803273 0.0009993684011698396 0.9999849501745247 -0.003988726494861983 -0.003766893335695069 0.004071266895329209 0.9997460429889147 0.022164708747784777 0.0036775277456892624 -0.022179711200922263 0.9997472361555811 
0.0008531408000301112 -0.0007829600836099645 0.0009931440990271936 0.9999881186953933 0.000599356499999128 -0.004837689514010814 -0.0004921620523009627 0.9997550015376291 0.022129046003149192 0.004849767475079222 -0.022126402154013364 0.9997434181244488 
0.0008527580993264811 -0.0007817190691473643 0.0009910078925530249 0.9999862370178032 0.0005280896509753064 -0.00521985596490593 -0.0004126970854214443 0.999756058420945 0.022082874172798632 0.005230244362313856 -0.022080416027251505 0.9997425167371716 
0.0008521334160074154 -0.0007878740602178669 0.0009959508005091698 0.9999838181342124 -0.003750516148779777 -0.004277510764449804 0.0038401404718476436 0.9997691431094258 0.021140336028572185 0.0041972360999495365 -0.0211564201806972 0.9997673674881867 
0.0008558479763376586 -0.0007863879924954677 0.0010108048412872691 0.999989164586471 -0.0022495524377489345 -0.004075564191818897 0.002336092158148108 0.9997692273791101 0.02135496802165167 0.004026584542817585 -0.021364257525290795 0.9997636496279071 
0.0008536282283978306 -0.0007868762916720087 0.0010122273475063896 0.9999786517017841 -0.004462785658366205 -0.004772806810387837 0.004567082061192819 0.9997460121262742 0.022069277266322077 0.004673104121259695 -0.02209060392517485 0.9997450511585906 
0.0008540868302491508 -0.0007887478480483897 0.001015278650712139 0.9999787075675194 -0.005169706107321181 -0.003982279542860038 0.005257392116820941 0.9997367714978935 0.022332656427273726 0.0038657780230562243 -0.022353117315770245 0.9997426638423229 
0.0008555059267686918 -0.0007888664216093687 0.0010140746553559533 0.9999821396252395 -0.004468648660309773 -0.003968829761874783 0.004560995537059788 0.9997117356633338 0.023572078752529247 0.003862350351657923 -0.023589759561200106 0.9997142619236787 
0.0008538397367931054 -0.000790952824184761 0.0009935507068260358 0.9999883412016377 0.000804244910197302 -0.004761370697752758 -0.0006902809950685629 0.9997143894576412 0.023888554235941828 0.004779223048241629 -0.02388498904040169 0.9997032891441315 
0.0008482545915437782 -0.0007939149287276812 0.000987064025823817 0.9999892974972511 -0.0009824289634259259 -0.004521031329911492 0.0010855210121871748 0.9997381529699411 0.022857102624411568 0.004497392031646735 -0.022861765670713276 0.9997285197168936 
0.0008475658993214234 -0.0007939453043876209 0.000982211753879485 0.9999886208826921 -0.0007553456690510954 -0.0047103670824803255 0.0008680639307346699 0.9997122084060752 0.02397387805216819 0.004690902913472622 -0.023977694150362334 0.9997014882519122 
0.0008474473386673842 -0.0007928269395170311 0.0009729573252060553 0.9999868673300337 0.0012820523533572713 -0.004962006572816618 -0.0011565290735097865 0.9996813167526302 0.025217600524827962 0.004992755548547397 -0.025211530645538518 0.9996696709986462 
0.0008421103537109436 -0.0007964135196890022 0.0009611172066469822 0.9999912172883151 0.00038730309043126266 -0.004173169365105347 -0.00028305946687523254 0.9996886306801481 0.024951183663079964 0.004181533638741135 -0.024949783268931987 0.9996799603329365 
0.0008330733210640001 -0.000800112360626796 0.0009398077689553725 0.9999858596352426 -0.0018748444531336572 -0.004976493528732296 0.0020044603319087292 0.9996555047783173 0.026169713509808977 0.004925715008276951 -0.02617931864438469 0.9996451273361827 
0.0008243231623727194 -0.0008033153040490521 0.0009334737009486811 0.999930616257268 -0.009821159986478941 -0.006504420641402151 0.009989039616891753 0.999604154021527 0.02630122336393213 0.006243537370151673 -0.0263643714020886 0.9996329017002593 
0.0008243933885546765 -0.000806456730613884 0.0009278338579787919 0.9999328726778213 -0.009637995525153117 -0.006431110365809016 0.009801885331998902 0.9996149621127645 0.02595863178665211 0.006178444967662368 -0.026019926259575932 0.9996423311641158 
0.0008150705275828187 -0.0008119598650465235 0.0009115097366630268 0.9998898670916362 -0.013199003282097024 -0.006785278168898802 0.013365814534819814 0.9995941628689496 0.02515679948134543 0.006450479772151995 -0.025244719659426096 0.9996604900865224 
0.0008111387884459278 -0.0008154214417779808 0.000913677912055969 0.9998034034821486 -0.018447554820551153 -0.007269257641250547 0.018621487346629793 0.9995230946554741 0.02463378694686432 0.006811357758290641 -0.024764308419315012 0.9996701128042198 
0.0007935928085864345 -0.0008252548472081027 0.0008805370758734487 0.9997331542632563 -0.022378162088876396 -0.0057304562090721945 0.02250861876590619 0.9994629711476812 0.023814520484364575 0.005194453589282946 -0.023937150335265465 0.9996999702339375 
0.0007886221694073369 -0.0008295298727120282 0.0008781112385388595 0.9996668069228776 -0.025107821147889356 -0.00598936172090232 0.025242753341853337 0.9994020060855098 0.023631200476931746 0.005392452163956796 -0.02377451470512462 0.9997028027920074 
0.0007889651512482641 -0.0008310486916265604 0.0008876730668940342 0.9997063488502027 -0.02382061502490606 -0.004449086246880796 0.02391212863587898 0.9994764843552616 0.02179374508770313 0.003927616668940697 -0.021893732452047256 0.9997525885470965 
0.0007819146454881456 -0.00083441388120518 0.0008886977932635898 0.999580222663399 -0.028619000169210613 -0.004509023120872122 0.028716715973266974 0.9993149240830217 0.023345936020115535 0.0038377967508128733 -0.023465620261551526 0.9997172780250625 
0.0007728957786754305 -0.0008383298717732011 0.0008766199874406502 0.9995169660051165 -0.030705805706218003 -0.00479459736147284 0.030811142311259518 0.999244036508354 0.023707151072334537 0.004063025646235316 -0.023843426734074302 0.9997074486189321 
0.0007715687196355351 -0.0008382362221489116 0.0008903655304785024 0.9994554993127718 -0.03263896986425625 -0.0048376171467288944 0.03274135157747108 0.9992023989093749 0.02285978807056016 0.004087638724078343 -0.0230057310240441 0.9997269765039407 
0.000767172852984179 -0.0008440678201221053 0.0009015533711361891 0.9992095920573939 -0.03942184382660384 -0.005109732850888624 0.03952313505033059 0.9989867461598239 0.02152679244107269 0.0042559295447555205 -0.02171173015488521 0.9997552139585927 
0.0007785536228576462 -0.0008499502616272508 0.0008402188495566067 0.999184699595693 -0.04014348492951257 -0.004293799201018211 0.04022317301209022 0.9989815758895445 0.020442783227377404 0.003468781731980894 -0.020598826446088698 0.9997818041464547 
0.0007730029001175255 -0.0008508911882631791 0.0008475001858902496 0.9989748724914146 -0.04504526999166444 -0.004486399685716393 0.04513457649748385 0.9987312853852899 0.022331359050432088 0.0034747856271601747 -0.022510958309778648 0.9997405576552452 
0.0007839567527509209 -0.0008403899585872066 0.0009206043326892645 0.9991230407459775 -0.041603324073627865 -0.0047236507636254955 0.041703196104948645 0.9988537235978211 0.02349643141840537 0.00374070650334935 -0.02367281733956325 0.9997127611639572 
0.0007687579513508289 -0.000848139314100452 0.0009357573207505152 0.9983712600834265 -0.05678050733933723 -0.005549867180271041 0.05689228413071479 0.9981235427182674 0.022642029015196685 0.0042538271969131 -0.022920895659255126 0.9997282318192061 
