0.000000 0.000000 0.000000 1.000000 0.000000 0.000000 0.000000 1.000000 0.000000 0.000000 0.000000 1.000000
-0.180677 0.048965 -0.982323 0.999960 -0.001043 0.008895 0.001118 0.999963 -0.008506 -0.008886 0.008515 0.999924
0.226402 -0.272786 -0.127476 0.999804 0.000025 0.019819 0.000359 0.999813 -0.019358 -0.019816 0.019361 0.999616
0.330884 -0.359256 0.863284 0.999707 0.002221 0.024115 -0.001463 0.999506 -0.031399 -0.024173 0.031354 0.999216
0.292820 -0.426902 1.860267 0.999777 0.001412 0.021064 -0.000514 0.999094 -0.042548 -0.021105 0.042528 0.998872
0.305233 -0.586401 2.847387 0.999822 0.004133 0.018385 -0.003145 0.998567 -0.053423 -0.018579 0.053356 0.998403
0.256503 -0.587241 3.846199 0.999889 0.005028 0.014060 -0.004192 0.998258 -0.058859 -0.014331 0.058793 0.998167
0.164132 -0.627556 4.841107 0.999930 0.005112 0.010693 -0.004440 0.998068 -0.061978 -0.010990 0.061926 0.998020
0.038385 -0.690307 5.831183 0.999853 0.006066 0.016067 -0.005213 0.998599 -0.052649 -0.016364 0.052558 0.998484
-0.119424 -0.744397 6.817170 0.999751 0.004759 0.021794 -0.003865 0.999156 -0.040898 -0.021970 0.040803 0.998926
-0.333545 -0.760189 7.793850 0.999663 0.003037 0.025784 -0.002254 0.999537 -0.030349 -0.025864 0.030281 0.999207
-0.569087 -0.889402 8.757086 0.999522 0.001459 0.030887 -0.000849 0.999805 -0.019753 -0.030910 0.019718 0.999328
-0.698259 -0.920522 9.748220 0.999299 0.001586 0.037410 -0.001305 0.999971 -0.007550 -0.037421 0.007495 0.999271
-0.949234 -0.977751 10.714520 0.999070 0.000707 0.043111 -0.000984 0.999979 0.006397 -0.043105 -0.006433 0.999050
-1.140725 -1.045822 11.684064 0.999144 0.000979 0.041364 -0.002064 0.999654 0.026206 -0.041324 -0.026269 0.998800
-1.390006 -1.156981 12.646095 0.998852 0.000549 0.047889 -0.002540 0.999135 0.041517 -0.047825 -0.041591 0.997989
-1.628842 -1.190503 13.616576 0.998501 -0.000348 0.054728 -0.002817 0.998327 0.057752 -0.054657 -0.057819 0.996830
-1.860817 -1.177851 14.589215 0.998113 -0.002770 0.061341 -0.001858 0.997162 0.075264 -0.061376 -0.075236 0.995275
-2.106255 -1.272331 15.554013 0.997641 -0.003685 0.068543 -0.002609 0.995800 0.091516 -0.068592 -0.091479 0.993442
-2.546617 -1.511114 16.419497 0.997286 -0.001973 0.073598 -0.006007 0.994127 0.108049 -0.073379 -0.108198 0.991418
-2.886410 -1.577683 17.357639 0.996810 -0.002742 0.079766 -0.007302 0.992085 0.125357 -0.079478 -0.125539 0.988900
-3.268284 -1.711766 18.272075 0.996368 -0.002908 0.085107 -0.009217 0.989862 0.141734 -0.084656 -0.142004 0.986239
-3.556172 -1.723137 19.229672 0.995902 -0.003328 0.090383 -0.011185 0.987120 0.159590 -0.089750 -0.159947 0.983037
-3.866750 -1.791319 20.177771 0.995386 -0.004820 0.095831 -0.012132 0.984401 0.175520 -0.095182 -0.175873 0.979800
-4.198004 -1.902099 21.114787 0.994779 -0.006166 0.101870 -0.013334 0.981766 0.189627 -0.101181 -0.189996 0.976557
-4.322987 -1.948410 22.105864 0.994122 -0.006573 0.108070 -0.015719 0.978817 0.204134 -0.107122 -0.204632 0.972960
-4.724540 -2.018128 23.019043 0.993758 -0.007847 0.111284 -0.016674 0.975871 0.217711 -0.110307 -0.218208 0.969648
-5.330273 -2.120821 23.808056 0.993713 -0.007243 0.111720 -0.018692 0.973164 0.229350 -0.110383 -0.229997 0.966911
-4.833171 -2.435076 24.629410 0.991368 -0.003920 0.131050 -0.027211 0.971636 0.234912 -0.128254 -0.236451 0.963142
-5.199606 -2.571937 25.549733 0.991108 -0.006824 0.132886 -0.026569 0.968424 0.247890 -0.130382 -0.249216 0.959631
-5.613607 -2.663344 26.455409 0.991232 -0.008330 0.131871 -0.026383 0.965436 0.259300 -0.129473 -0.260505 0.956752
-6.024796 -2.756192 27.362218 0.991894 -0.009917 0.126678 -0.025298 0.961577 0.273366 -0.124522 -0.274355 0.953532
-6.368341 -2.920911 28.286796 0.992767 -0.015295 0.119075 -0.019348 0.958502 0.284429 -0.118484 -0.284676 0.951273
-6.735461 -3.012549 29.212444 0.994060 -0.019972 0.106981 -0.012643 0.955168 0.295794 -0.108093 -0.295390 0.949242
-6.334865 -3.429931 30.028113 0.993254 -0.024470 0.113349 -0.010303 0.954993 0.296451 -0.115501 -0.295619 0.948298
-7.049987 -3.470939 30.725909 0.995810 -0.032235 0.085579 0.004614 0.952333 0.305026 -0.091332 -0.303353 0.948491
-6.372365 -3.871043 31.342954 0.994348 -0.037383 0.099368 0.005642 0.953242 0.302157 -0.106017 -0.299888 0.948065
-6.841399 -3.898285 32.225714 0.995689 -0.043365 0.081997 0.016095 0.951352 0.307686 -0.091351 -0.305040 0.947948
-6.336629 -4.300565 32.989506 0.995012 -0.048614 0.087103 0.019761 0.951963 0.305575 -0.097774 -0.302330 0.948176
-6.816861 -4.378133 33.863211 0.996176 -0.054799 0.068054 0.031177 0.950541 0.309032 -0.081623 -0.305728 0.948614
-7.393445 -4.357553 34.679990 0.996693 -0.066154 0.047195 0.048093 0.948329 0.313622 -0.065504 -0.310315 0.948374
-8.068582 -4.506204 35.402549 0.997094 -0.072443 0.023566 0.061464 0.947783 0.312938 -0.045006 -0.310580 0.949481
-7.309405 -4.884006 36.039805 0.998080 -0.054280 0.029824 0.042216 0.948598 0.313655 -0.045316 -0.311794 0.949068
-7.869579 -5.077405 36.845287 0.997945 -0.063534 0.008348 0.057739 0.948024 0.312916 -0.027795 -0.311791 0.949744
-8.757130 -5.270636 37.263514 0.997070 -0.072030 -0.025767 0.076464 0.948734 0.306686 0.002356 -0.307757 0.951462
-9.533365 -5.362501 37.887229 0.995489 -0.080667 -0.049941 0.092015 0.949166 0.301027 0.023119 -0.304264 0.952307
-10.042605 -5.478195 38.740041 0.993848 -0.090970 -0.063178 0.105656 0.949817 0.294421 0.033224 -0.299285 0.953585
-10.916277 -5.597526 39.211696 0.991495 -0.098938 -0.084553 0.118827 0.953191 0.278042 0.053086 -0.285725 0.956840
-11.212017 -5.913453 40.113211 0.989390 -0.108748 -0.096340 0.130480 0.956742 0.260038 0.063893 -0.269849 0.960780
-10.582447 -5.992492 40.886124 0.988996 -0.114095 -0.094175 0.134139 0.960056 0.245557 0.062397 -0.255488 0.964797
-10.900443 -6.318999 41.776220 0.987857 -0.119056 -0.099822 0.139573 0.962275 0.233551 0.068251 -0.244648 0.967207
-11.225233 -6.541357 42.695496 0.986947 -0.121355 -0.105869 0.142418 0.964594 0.221981 0.075182 -0.234161 0.969287
-12.110462 -7.006391 42.684886 0.983117 -0.127593 -0.131150 0.151133 0.970290 0.188936 0.103146 -0.205568 0.973192
-13.076704 -7.259892 42.638898 0.980207 -0.128933 -0.150237 0.153863 0.973659 0.168270 0.124584 -0.188055 0.974225
-13.978688 -7.671540 42.508627 0.977142 -0.129557 -0.168551 0.154415 0.977478 0.143850 0.146118 -0.166588 0.975140
-13.539501 -7.824721 43.393867 0.975936 -0.127330 -0.177022 0.151722 0.979590 0.131846 0.156621 -0.155531 0.975336
-14.302846 -8.476688 43.246349 0.969754 -0.046455 -0.239625 0.081243 0.987177 0.137409 0.230169 -0.152720 0.961093
-15.215779 -8.686312 42.896190 0.963931 -0.039762 -0.263164 0.073658 0.990011 0.120217 0.255755 -0.135265 0.957232
-16.103269 -8.945644 42.515260 0.956017 -0.034919 -0.291225 0.067382 0.992480 0.102194 0.285467 -0.117322 0.951181
-16.940065 -9.296573 42.094997 0.949885 -0.029088 -0.311243 0.060784 0.993844 0.092627 0.306633 -0.106903 0.945806
-17.790827 -9.782480 41.894749 0.936493 -0.026353 -0.349694 0.053207 0.996306 0.067408 0.346625 -0.081734 0.934436
-18.642119 -10.255058 41.666775 0.919461 -0.026774 -0.392268 0.046187 0.998126 0.040135 0.390458 -0.055021 0.918975
-19.494350 -10.694345 41.382648 0.908363 -0.019699 -0.417718 0.034478 0.999017 0.027863 0.416758 -0.039712 0.908149
-20.299175 -11.286164 41.337839 0.891996 -0.019632 -0.451618 0.025670 0.999644 0.007247 0.451315 -0.018057 0.892182
-21.045700 -11.452232 40.693540 0.882126 -0.006453 -0.470970 0.008881 0.999956 0.002933 0.470930 -0.006770 0.882144
-21.736053 -12.085940 40.344503 0.867664 -0.010320 -0.497044 0.006003 0.999929 -0.010283 0.497115 0.005938 0.867665
-22.678664 -12.419285 40.363656 0.852990 0.008296 -0.521862 -0.020553 0.999632 -0.017702 0.521523 0.025826 0.852846
-22.152423 -11.646291 40.009325 0.852994 0.028022 -0.521169 -0.028391 0.999570 0.007278 0.521149 0.008589 0.853423
-22.824198 -12.313938 39.688444 0.830504 0.014812 -0.556816 -0.030472 0.999358 -0.018865 0.556179 0.032635 0.830421
-22.283169 -11.548396 39.340260 0.834811 0.043168 -0.548842 -0.043254 0.998982 0.012782 0.548835 0.013069 0.835829
-22.938613 -12.084687 38.791526 0.812243 0.083948 -0.577247 -0.054725 0.996192 0.067872 0.580746 -0.023539 0.813744
-23.719439 -12.708867 38.764879 0.784499 0.081537 -0.614746 -0.063482 0.996670 0.051182 0.616872 -0.001127 0.787063
-24.547542 -13.242009 38.938100 0.758762 0.092639 -0.644747 -0.086963 0.995381 0.040677 0.645537 0.025205 0.763313
-25.317555 -13.849955 39.131699 0.734431 0.098432 -0.671508 -0.102854 0.994141 0.033233 0.670845 0.044660 0.740252
-26.114615 -14.442798 39.246734 0.715284 0.106430 -0.690682 -0.116298 0.992682 0.032525 0.689089 0.057060 0.722426
-26.887449 -15.057969 39.402593 0.693772 0.111240 -0.711552 -0.128345 0.991281 0.029833 0.708666 0.070627 0.702000
-27.523037 -15.764029 39.714854 0.674391 0.115405 -0.729300 -0.139291 0.989860 0.027832 0.725117 0.082815 0.683628
-28.057659 -16.410701 40.258909 0.652900 0.117622 -0.748256 -0.150671 0.988295 0.023885 0.742307 0.097146 0.662980
-27.980997 -16.832393 41.162401 0.636689 0.123578 -0.761154 -0.164361 0.986141 0.022622 0.753401 0.110701 0.648176
-27.819261 -17.156955 42.094335 0.620477 0.129515 -0.773456 -0.177829 0.983814 0.022082 0.763796 0.123841 0.633466
-27.345488 -17.204603 42.973692 0.604224 0.134636 -0.785357 -0.190231 0.981495 0.021903 0.773773 0.136165 0.618655
-27.163988 -17.533940 43.900296 0.583754 0.136085 -0.800445 -0.201320 0.979328 0.019678 0.786576 0.149658 0.599084
-26.740400 -17.748233 44.780439 0.565911 0.138445 -0.812759 -0.212592 0.976968 0.018391 0.796586 0.162378 0.582309
-26.353461 -17.976436 45.673861 0.546602 0.140447 -0.825530 -0.224457 0.974333 0.017145 0.806750 0.175925 0.564097
-25.842679 -18.863013 46.238173 0.529453 0.254022 -0.809415 -0.251862 0.958166 0.135957 0.810090 0.131877 0.571282
-25.382542 -19.193054 47.062398 0.507925 0.254208 -0.823037 -0.260492 0.956057 0.134535 0.821070 0.146061 0.551824
-24.763879 -19.416726 47.815542 0.488025 0.255870 -0.834483 -0.271200 0.953197 0.133666 0.829628 0.161080 0.534576
-24.160359 -19.637196 48.581803 0.468130 0.257257 -0.845383 -0.280529 0.950461 0.133890 0.837948 0.174476 0.517108
-23.560046 -19.854958 49.351352 0.447937 0.258527 -0.855872 -0.289285 0.947696 0.134860 0.845971 0.187181 0.499296
-22.902697 -20.041926 50.081376 0.427663 0.258971 -0.866048 -0.298384 0.944824 0.135182 0.853271 0.200603 0.481339
-22.309745 -20.307424 50.841586 0.405712 0.258781 -0.876601 -0.307121 0.941914 0.135919 0.860857 0.214079 0.461624
-21.673470 -20.524249 51.581951 0.383503 0.259386 -0.886366 -0.317377 0.938312 0.137269 0.867293 0.228669 0.442168
-21.039441 -20.728015 52.327932 0.360678 0.260386 -0.895606 -0.328071 0.934294 0.139513 0.873087 0.243504 0.422404
-20.475502 -21.076891 53.076436 0.335901 0.259857 -0.905342 -0.340126 0.929797 0.140682 0.878342 0.260676 0.400704
-19.743495 -21.177769 53.750223 0.313897 0.260426 -0.913043 -0.351697 0.925133 0.142963 0.881917 0.276239 0.381987
-19.160189 -21.536328 54.479051 0.286280 0.257342 -0.922940 -0.364182 0.920189 0.143611 0.886236 0.295006 0.357151
-18.539571 -21.761008 55.230284 0.259367 0.256299 -0.931150 -0.374708 0.915324 0.147570 0.890125 0.310634 0.333442
-17.811775 -21.969548 55.883602 0.238062 0.255101 -0.937150 -0.387162 0.909841 0.149317 0.890748 0.327282 0.315364
-17.086164 -22.619716 56.400830 0.208056 0.376535 -0.902737 -0.397074 0.875976 0.273859 0.893893 0.301475 0.331764
-16.469414 -22.975785 57.102852 0.171981 0.374158 -0.911279 -0.411318 0.867840 0.278696 0.895120 0.326895 0.303150
-16.006909 -23.487924 57.826595 0.128769 0.366553 -0.921443 -0.419365 0.862134 0.284355 0.898639 0.349805 0.264736
-15.998603 -23.872043 58.749841 -0.062384 0.361866 -0.930140 -0.337885 0.869267 0.360845 0.939118 0.336792 0.068041
-15.619775 -24.330808 59.553597 -0.156202 0.346956 -0.924782 -0.320030 0.867989 0.379704 0.934442 0.355269 -0.024545
-15.163193 -24.794589 60.312834 -0.239114 0.331574 -0.912624 -0.304867 0.866723 0.394775 0.921890 0.372625 -0.106160
-14.379661 -25.159713 60.815589 -0.278066 0.318187 -0.906331 -0.314885 0.861210 0.398955 0.907483 0.396326 -0.139281
-13.438349 -25.298368 61.123332 -0.299736 0.309678 -0.902362 -0.329128 0.854216 0.402481 0.895451 0.417630 -0.154116
-13.530231 -24.490141 60.541674 -0.292622 0.318148 -0.901751 -0.363472 0.835239 0.412630 0.884455 0.448506 -0.128771
-12.723680 -24.718611 61.086904 -0.329002 0.305345 -0.893601 -0.374801 0.826334 0.420352 0.866765 0.473219 -0.157422
-11.927503 -24.928473 61.654409 -0.368444 0.290886 -0.882969 -0.386262 0.816022 0.430011 0.845606 0.499492 -0.188300
-11.108164 -25.117308 62.195726 -0.403959 0.275388 -0.872341 -0.396569 0.806624 0.438282 0.824348 0.522991 -0.216633
-10.298630 -25.261973 62.764696 -0.444880 0.257396 -0.857805 -0.406552 0.795393 0.449517 0.797996 0.548724 -0.249209
