#timestamp [s],p_x [m],p_y [m],p_z [m],R11,R21,R31,R12,R22,R32,R13,R23,R33
1403636579.763556,0.000000,0.000000,0.000000,0.362577,0.014814,-0.931836,0.014814,0.999656,0.021657,0.931836,-0.021657,0.362233
1403636579.813555,-0.013106,-0.000093,-0.017971,0.359229,0.014189,-0.933142,0.011295,0.999745,0.019550,0.933181,-0.017563,0.358977
1403636579.863556,-0.865046,0.104794,-0.633854,0.355896,0.007830,-0.934493,0.015330,0.999781,0.014215,0.934400,-0.019385,0.355698
1403636579.913556,-0.435624,-0.031654,-1.575196,0.365775,0.006551,-0.930680,0.009699,0.999894,0.010850,0.930653,-0.012995,0.365673
1403636579.963556,-0.787630,-0.909746,-2.083089,0.373921,-0.073486,-0.924545,0.045602,0.997107,-0.060811,0.926339,-0.019423,0.376190
1403636580.013556,-0.672184,-0.275093,-2.961562,0.400328,-0.044977,-0.915267,0.071048,0.997312,-0.017932,0.913613,-0.057849,0.402448
1403636580.063556,-0.151216,-0.286745,-3.907029,0.394534,-0.041982,-0.917922,0.066556,0.997638,-0.017022,0.916468,-0.054377,0.396396
1403636580.113555,-0.321557,0.715668,-4.125661,0.405513,0.144519,-0.902592,-0.003712,0.987675,0.156474,0.914082,-0.060101,0.401052
1403636580.163556,0.153020,-0.013298,-4.281245,0.600008,-0.167896,-0.782178,0.045484,0.983307,-0.176177,0.798700,0.070131,0.597629
1403636580.213556,0.872172,-0.189316,-5.119963,0.600732,-0.167252,-0.781759,0.046069,0.983488,-0.175009,0.798122,0.069119,0.598518
1403636580.263556,1.468205,-0.615001,-6.041046,0.641435,-0.169063,-0.748318,0.032438,0.980521,-0.193718,0.766492,0.099984,0.634424
1403636580.313555,2.132373,-0.801896,-7.020300,0.660285,-0.179136,-0.729338,0.053726,0.979915,-0.192042,0.749091,0.087618,0.656647
1403636580.363556,2.836235,-1.238610,-7.829577,0.698594,-0.204169,-0.685771,0.097469,0.976645,-0.191478,0.708849,0.066924,0.702179
1403636580.413556,3.472911,-0.840713,-8.721584,0.756101,-0.173196,-0.631121,0.119746,0.984679,-0.126762,0.643406,0.020270,0.765257
1403636580.463556,4.200573,-0.508129,-8.934935,0.776033,-0.140584,-0.614825,0.059812,0.986852,-0.150155,0.627850,0.079751,0.774238
1403636580.513556,4.918368,-0.677266,-10.052276,0.776940,-0.137087,-0.614469,0.052870,0.986765,-0.153297,0.627351,0.086616,0.773904
1403636580.563556,4.756813,-0.757117,-10.711945,0.785372,-0.132979,-0.604572,0.052669,0.987467,-0.148779,0.616780,0.085005,0.782533
1403636580.613555,3.599214,-0.731666,-11.283292,0.784625,-0.131921,-0.605773,0.052113,0.987675,-0.147589,0.617777,0.084233,0.781829
1403636580.663556,3.920827,-0.008579,-11.772291,0.887456,0.082158,-0.453512,-0.118729,0.991527,-0.052711,0.445338,0.100624,0.889690
1403636580.713556,3.531574,0.227613,-11.719246,0.681470,0.685762,-0.255595,-0.292135,0.575113,0.764135,0.671011,-0.446067,0.592257
1403636580.763556,2.712657,0.937261,-11.441306,0.612619,0.785655,-0.086276,-0.223264,0.276730,0.934652,0.758189,-0.553323,0.344939
1403636580.813555,3.232756,2.066469,-11.689729,0.596264,0.801355,-0.047944,-0.318368,0.290868,0.902240,0.736961,-0.522709,0.428560
1403636580.863556,2.580364,2.808042,-11.141888,0.491730,0.849412,0.191574,-0.386584,0.015825,0.922118,0.780227,-0.527493,0.336151
1403636580.913556,2.883868,3.029635,-11.425072,0.358273,0.773776,-0.522409,-0.220961,0.613933,0.757801,0.907093,-0.156068,0.390930
1403636580.963556,2.983331,3.949071,-12.450156,0.388356,0.770448,-0.505558,-0.269851,0.619652,0.737029,0.881113,-0.149804,0.448552
1403636581.013556,2.112432,4.945876,-12.343770,0.346716,0.876402,-0.334225,-0.351824,0.451826,0.819801,0.869487,-0.166650,0.464994
1403636581.063556,1.511358,5.931851,-12.134631,0.321634,0.917894,-0.232428,-0.414017,0.357094,0.837301,0.851552,-0.173076,0.494877
1403636581.113555,1.546902,7.136529,-13.199024,0.335402,0.914077,-0.227965,-0.457640,0.369601,0.808678,0.823450,-0.166906,0.542284
1403636581.163556,1.423517,8.578608,-14.122303,0.272271,0.937040,-0.218689,-0.610478,0.343897,0.713478,0.743764,-0.060755,0.665676
1403636581.213556,1.447811,9.715086,-15.563918,0.260360,0.936140,-0.236336,-0.683878,0.351594,0.639290,0.681559,-0.004821,0.731747
1403636581.263556,0.294181,10.683452,-16.044611,0.228154,0.963036,-0.143205,-0.723715,0.266137,0.636716,0.651293,-0.041630,0.757684
1403636581.313555,-1.085343,11.616028,-17.329455,0.204437,0.967634,-0.147950,-0.739898,0.251709,0.623854,0.640903,-0.018071,0.767409
1403636581.363556,-2.204442,12.541733,-17.773821,0.195565,0.971030,-0.137312,-0.750367,0.238312,0.616569,0.631430,-0.017545,0.775234
1403636581.413556,-3.311000,13.795742,-18.590279,0.210817,0.973187,-0.091994,-0.766459,0.222973,0.602348,0.606710,-0.056476,0.792915
1403636581.463556,-3.400422,13.884092,-20.544033,0.225015,0.968735,-0.104501,-0.756562,0.241295,0.607775,0.613988,-0.057698,0.787204
1403636581.513556,-3.743819,13.997244,-22.631554,0.243895,0.962656,-0.117507,-0.739477,0.262993,0.619685,0.627447,-0.064244,0.776005
1403636581.563556,-3.903183,13.939481,-24.574479,0.250588,0.952698,-0.171966,-0.709091,0.301561,0.637378,0.659087,-0.037780,0.751117
1403636581.613555,-5.109664,13.683552,-25.660804,0.224610,0.959719,-0.168792,-0.693558,0.279123,0.664129,0.684490,-0.032103,0.728315
1403636581.663556,-6.363758,13.388511,-26.764156,0.187430,0.968329,-0.164953,-0.677981,0.249044,0.691606,0.710783,-0.017793,0.703187
1403636581.713556,-6.667436,13.396791,-27.317462,0.191939,0.966774,-0.168843,-0.660791,0.254509,0.706103,0.725613,-0.023959,0.687685
1403636581.763556,-6.981909,13.604927,-29.518673,0.213239,0.954968,-0.206315,-0.647141,0.296264,0.702450,0.731941,-0.016275,0.681174
1403636581.813555,-7.569307,14.347520,-30.009834,0.272536,0.942289,-0.194462,-0.627184,0.327259,0.706783,0.729633,-0.070660,0.680178
1403636581.863556,-8.323653,13.953762,-30.973882,0.357598,0.583949,-0.728785,0.046897,0.768174,0.638521,0.932697,-0.262511,0.247312
1403636581.913556,-9.609579,13.787351,-31.213532,-0.008206,0.067174,-0.997708,0.652350,0.756547,0.045571,0.757874,-0.650480,-0.050029
1403636581.963556,-10.633050,14.293073,-30.872984,-0.725991,-0.218502,-0.652069,0.653006,0.078352,-0.753289,0.215687,-0.972686,0.085800
1403636582.013556,-10.891106,15.664831,-30.419490,-0.991294,0.037385,-0.126245,0.090715,-0.501013,-0.860672,-0.095426,-0.864632,0.493260
1403636582.063556,-10.400306,16.965035,-30.742003,-0.757240,0.602574,0.251977,-0.649762,-0.655840,-0.384297,-0.066311,-0.454730,0.888157
1403636582.113555,-11.160813,18.737390,-31.560032,-0.752430,0.596454,0.279450,-0.657623,-0.656335,-0.369806,-0.037160,-0.462026,0.886088
1403636582.163556,-10.427725,19.464328,-32.949648,-0.294604,0.930647,0.217038,-0.930679,-0.330967,0.155879,0.216901,-0.156070,0.963637
1403636582.213556,-11.312826,19.718752,-35.213118,-0.131587,0.769838,0.624527,-0.820646,-0.438004,0.367006,0.556080,-0.464223,0.689400
1403636582.263556,-12.894279,20.761692,-37.011957,-0.104196,0.750254,0.652887,-0.804842,-0.449258,0.387810,0.584271,-0.485063,0.650647
1403636582.313555,-13.215664,22.500241,-37.454731,-0.246128,0.906369,0.343388,-0.909257,-0.338617,0.242055,0.335668,-0.252651,0.907466
1403636582.363556,-14.329550,22.793131,-39.218073,-0.882926,0.340421,0.323351,-0.461919,-0.753176,-0.468356,0.084102,-0.562885,0.822245
1403636582.413556,-15.226254,24.866295,-39.942507,-0.793928,0.300192,-0.528737,-0.294708,-0.950631,-0.097202,-0.531813,0.078652,0.843202
1403636582.463556,-15.011902,25.878977,-42.147305,-0.277207,-0.242721,-0.929647,-0.407975,-0.846273,0.342605,-0.869892,0.474245,0.135569
1403636582.513556,-12.386296,25.100267,-42.307258,-0.237045,-0.243412,-0.940511,-0.418556,-0.848057,0.324977,-0.876710,0.470690,0.099146
1403636582.563556,-9.865532,24.397861,-42.325874,-0.221956,-0.244520,-0.943899,-0.419577,-0.849884,0.318828,-0.880165,0.466805,0.086042
1403636582.613555,-8.761045,23.251055,-42.897577,-0.195736,-0.273216,-0.941828,-0.339224,-0.882252,0.326433,-0.920116,0.383386,0.080007
1403636582.663556,-7.007627,22.645243,-44.733961,0.241758,-0.882718,-0.402942,-0.640124,-0.457167,0.617446,-0.729243,0.108660,-0.675572
1403636582.713556,-5.904504,21.766184,-43.704196,0.312994,-0.861482,-0.399854,-0.600225,-0.505695,0.619679,-0.736047,0.046046,-0.675363
1403636582.763556,-3.949311,20.432056,-43.153171,0.341980,-0.855583,-0.388622,-0.621522,-0.516118,0.589349,-0.704812,0.039992,-0.708266
1403636582.813555,-1.894039,19.121468,-42.579367,0.371303,-0.850660,-0.372173,-0.638925,-0.524917,0.562350,-0.673728,0.028988,-0.738411
1403636582.863556,0.254674,17.838601,-41.953886,0.407281,-0.844479,-0.347817,-0.659945,-0.535382,0.527104,-0.631344,0.014861,-0.775361
1403636582.913556,2.673677,17.777674,-41.542700,0.384750,-0.908538,-0.162867,-0.697601,-0.401768,0.593242,-0.604417,-0.114634,-0.788377
1403636582.963556,4.938355,16.606665,-40.498872,0.410925,-0.902717,-0.127450,-0.724904,-0.408311,0.554793,-0.552860,-0.135589,-0.822168
1403636583.013556,7.217545,15.473707,-39.308130,0.432891,-0.896772,-0.091685,-0.747921,-0.414079,0.518799,-0.503209,-0.156010,-0.849965
1403636583.063556,9.069323,15.251789,-37.735256,0.439806,-0.894250,-0.082994,-0.747836,-0.415828,0.517522,-0.497305,-0.165543,-0.851636
1403636583.113555,10.928221,15.038698,-36.168962,0.443153,-0.892950,-0.079091,-0.747237,-0.416692,0.517692,-0.495230,-0.170317,-0.851903
1403636583.163556,12.793542,14.835441,-34.609258,0.446399,-0.891199,-0.080568,-0.744173,-0.419732,0.519646,-0.496925,-0.172013,-0.850575
1403636583.213556,14.666029,14.641481,-33.056487,0.447893,-0.890119,-0.084143,-0.742506,-0.422733,0.519597,-0.498073,-0.170247,-0.850258
1403636583.263556,16.915097,13.592518,-31.854220,0.448977,-0.889621,-0.083629,-0.743727,-0.423935,0.516865,-0.495268,-0.169863,-0.851972
1403636583.313555,19.116248,12.541219,-30.661040,0.449869,-0.889244,-0.082847,-0.744764,-0.424730,0.514715,-0.492895,-0.169853,-0.853349
1403636583.363556,21.889362,11.926926,-29.212707,0.349262,-0.924312,0.153830,-0.863298,-0.253585,0.436362,-0.364325,-0.285206,-0.886524
1403636583.413556,23.617975,11.302434,-26.584925,0.342270,-0.927484,0.150412,-0.863330,-0.247253,0.439917,-0.370827,-0.280426,-0.885352
1403636583.463556,25.792998,10.704239,-25.323218,0.196784,-0.398117,0.895979,-0.765634,0.508438,0.394075,-0.612438,-0.763540,-0.204760
1403636583.513556,27.548092,11.492832,-23.461809,0.204787,-0.401436,0.892699,-0.757482,0.512616,0.404285,-0.619906,-0.758995,-0.199104
1403636583.563556,29.472847,12.074784,-21.725525,0.217982,-0.410809,0.885280,-0.744336,0.516710,0.423054,-0.631227,-0.751163,-0.193146
1403636583.613555,31.088784,13.834075,-20.334058,0.235541,-0.471237,0.849974,-0.739736,0.480301,0.471277,-0.630326,-0.739762,-0.235460
1403636583.663556,33.663972,15.557122,-18.912685,0.240950,-0.480191,0.843421,-0.734255,0.478101,0.481964,-0.634675,-0.735415,-0.237385
1403636583.713556,35.304777,17.263239,-17.526618,0.260180,-0.530436,0.806811,-0.737282,0.430412,0.520731,-0.623476,-0.730331,-0.279096
1403636583.763556,36.936551,18.945393,-16.116148,0.281408,-0.578355,0.765712,-0.738324,0.379194,0.557754,-0.612933,-0.722300,-0.320305
1403636583.813555,38.958508,19.281608,-14.857896,0.291364,-0.589782,0.753170,-0.721599,0.381378,0.577794,-0.628015,-0.711835,-0.314466
1403636583.863556,40.876397,19.770897,-13.563741,0.173789,-0.630088,0.756827,-0.822203,0.330149,0.463663,-0.542014,-0.702845,-0.460684
1403636583.913556,42.477329,20.219880,-12.072967,0.007767,-0.691093,0.722724,-0.930720,0.259283,0.257937,-0.365649,-0.674658,-0.641200
1403636583.963556,43.620717,20.620245,-10.196501,-0.131854,-0.747893,0.650592,-0.979677,0.198397,0.029519,-0.151153,-0.633478,-0.758853
1403636584.013556,44.234190,20.960967,-7.930964,-0.197098,-0.775591,0.599676,-0.980124,0.169972,-0.102308,-0.022579,-0.607921,-0.793676
1403636584.063556,44.506583,21.290617,-5.443507,-0.207721,-0.776166,0.595330,-0.978168,0.160929,-0.131489,0.006251,-0.609645,-0.792650
1403636584.113555,45.659212,23.305245,-3.502083,-0.189873,-0.765567,0.614699,-0.981629,0.159998,-0.103946,-0.018773,-0.623144,-0.781882
1403636584.163556,46.899481,25.307499,-1.729230,-0.133326,-0.740607,0.658578,-0.984810,0.173588,-0.004160,-0.111240,-0.649129,-0.752501
1403636584.213556,48.285735,27.282028,-0.319000,0.010835,-0.687333,0.726262,-0.948796,0.222244,0.224486,-0.315704,-0.691507,-0.649730
1403636584.263556,49.991634,29.242773,0.502066,0.208729,-0.623040,0.753826,-0.825524,0.301027,0.477382,-0.524349,-0.721945,-0.451501
1403636584.313555,52.058687,31.218964,0.591855,0.344882,-0.584620,0.734354,-0.701779,0.358958,0.615350,-0.623348,-0.727577,-0.286476
1403636584.363556,53.470797,32.816337,0.494402,0.770197,-0.517720,0.372509,0.036370,0.618747,0.784748,-0.636768,-0.590862,0.495387
1403636584.413556,54.468864,34.025672,-1.873284,0.817566,-0.537568,0.206413,0.258924,0.663365,0.702072,-0.514338,-0.520545,0.681534
1403636584.463556,56.626048,34.784860,-4.742751,0.810435,-0.547276,0.209009,0.258844,0.654579,0.710300,-0.525543,-0.521551,0.672152
1403636584.513556,57.978703,36.125260,-6.378400,0.840274,-0.538729,0.060917,0.276451,0.522401,0.806642,-0.466385,-0.660960,0.587892
1403636584.563556,59.867687,36.833511,-8.031446,0.845523,-0.501157,0.184207,0.088340,0.471545,0.877406,-0.526580,-0.725594,0.442974
1403636584.613555,62.000097,37.769019,-9.239161,0.816582,-0.466172,0.340407,-0.159108,0.385102,0.909055,-0.554868,-0.796480,0.240296
1403636584.663556,64.387007,39.006846,-9.815663,0.764408,-0.445886,0.465688,-0.360358,0.303463,0.882073,-0.534623,-0.842078,0.071291
1403636584.713556,66.894881,40.550854,-9.780302,0.730388,-0.431964,0.529094,-0.463539,0.255456,0.848454,-0.501661,-0.864956,-0.013650
1403636584.763556,69.067263,42.537554,-10.298883,0.739289,-0.413597,0.531403,-0.462042,0.262518,0.847114,-0.489867,-0.871792,0.002977
1403636584.813555,71.977801,45.224569,-10.749847,0.731072,-0.403675,0.550074,-0.483347,0.262614,0.835110,-0.481570,-0.876402,-0.003125
1403636584.863556,74.017662,47.309396,-10.266851,0.725048,-0.389144,0.568219,-0.510301,0.250506,0.822703,-0.462492,-0.886461,-0.016952
1403636584.913556,76.031109,50.333376,-10.960098,0.722096,-0.376705,0.580234,-0.524518,0.248746,0.814252,-0.451064,-0.892311,-0.017970
1403636584.963556,78.241254,52.435752,-11.409631,0.720675,-0.370218,0.586145,-0.529534,0.251741,0.810074,-0.447461,-0.894184,-0.014619
1403636585.013556,80.983513,55.369568,-11.635323,0.720131,-0.367606,0.588453,-0.531716,0.252471,0.808416,-0.445746,-0.895055,-0.013649
1403636585.063556,83.194204,57.521245,-12.136171,0.717044,-0.369542,0.591004,-0.533044,0.255612,0.806552,-0.449123,-0.893365,-0.013697
1403636585.113555,85.571108,58.750394,-12.371401,0.717905,-0.372485,0.588104,-0.530104,0.255072,0.808658,-0.451222,-0.892297,-0.014339
1403636585.163556,88.290118,61.030090,-13.797395,0.720568,-0.374202,0.583742,-0.516937,0.271172,0.811937,-0.462123,-0.886814,0.001959
1403636585.213556,91.039113,63.340401,-15.290158,0.723651,-0.379964,0.576157,-0.499552,0.287648,0.817133,-0.476212,-0.879139,0.018345
1403636585.263556,93.749215,65.632335,-16.898126,0.727656,-0.391539,0.563217,-0.473483,0.307399,0.825421,-0.496317,-0.867297,0.038294
1403636585.313555,96.742754,68.474479,-17.563710,0.729217,-0.408464,0.548999,-0.456676,0.306985,0.834989,-0.509598,-0.859603,0.037322
1403636585.363556,99.797252,71.297192,-18.427420,0.729769,-0.428409,0.532825,-0.434452,0.311179,0.845233,-0.527909,-0.848312,0.040965
1403636585.413556,102.896796,74.093437,-19.309779,0.729628,-0.442986,0.520967,-0.417797,0.314345,0.852428,-0.541377,-0.839613,0.044277
1403636585.463556,105.745688,75.494906,-19.821317,0.732438,-0.447241,0.513332,-0.409231,0.313373,0.856929,-0.544119,-0.837719,0.046502
1403636585.513556,108.920135,78.238280,-20.843162,0.731468,-0.459633,0.503678,-0.394998,0.316486,0.862446,-0.555816,-0.829804,0.049945
1403636585.563556,110.637096,81.047667,-22.311260,0.801121,-0.436027,0.409982,-0.296534,0.305852,0.904722,-0.519877,-0.846366,0.115727
1403636585.613555,112.238851,83.979702,-24.228535,0.809302,-0.439552,0.389647,-0.272080,0.307380,0.911861,-0.520580,-0.843986,0.129170
1403636585.663556,113.754349,86.918157,-26.202800,0.824292,-0.433124,0.364619,-0.244147,0.309127,0.919148,-0.510819,-0.846666,0.149065
1403636585.713556,115.184378,89.885711,-28.322371,0.838226,-0.426258,0.340120,-0.216933,0.311583,0.925125,-0.500317,-0.849247,0.168708
1403636585.763556,117.109300,92.156591,-30.228973,0.829043,-0.437424,0.348351,-0.226985,0.306081,0.924550,-0.511044,-0.845561,0.154466
1403636585.813555,118.113033,94.772499,-32.035422,0.958122,-0.232097,-0.167730,0.240485,0.334165,0.911318,-0.155464,-0.913491,0.375986
1403636585.863556,118.114212,97.237686,-34.675970,0.956857,-0.246215,-0.154282,0.232024,0.327858,0.915792,-0.174899,-0.912079,0.370841
1403636585.913556,117.380230,99.872470,-36.696913,0.716925,-0.048209,-0.695481,0.631621,0.467172,0.618713,0.295082,-0.882851,0.365377
1403636585.963556,115.957388,101.554109,-39.190341,0.734774,-0.058295,-0.675802,0.615033,0.477447,0.627518,0.286078,-0.876725,0.386669
1403636586.013556,113.742768,103.670211,-41.319752,0.744902,-0.076354,-0.662790,0.609390,0.482276,0.629328,0.271596,-0.872686,0.405778
1403636586.063556,111.520647,105.810365,-43.484725,0.753286,-0.096361,-0.650596,0.603890,0.493193,0.626161,0.260531,-0.864567,0.429707
1403636586.113555,109.289768,107.974690,-45.687032,0.761932,-0.112315,-0.637844,0.596872,0.504062,0.624231,0.251403,-0.856333,0.451099
1403636586.163556,107.050304,110.163586,-47.926830,0.770085,-0.125413,-0.625493,0.590040,0.512785,0.623622,0.242533,-0.849307,0.468887
1403636586.213556,104.801819,112.377692,-50.203967,0.777489,-0.136991,-0.613796,0.584735,0.516747,0.625346,0.231510,-0.845107,0.481869
1403636586.263556,101.935095,114.070712,-53.092045,0.771531,-0.162873,-0.614989,0.596067,0.522932,0.609300,0.222359,-0.836669,0.500541
1403636586.313555,98.899855,115.766842,-55.823347,0.736552,-0.331617,-0.589509,0.657034,0.557754,0.507166,0.160616,-0.760882,0.628698
1403636586.363556,96.672236,118.584599,-57.777629,0.723917,-0.329148,-0.606305,0.667437,0.556518,0.494789,0.174561,-0.762857,0.622558
1403636586.413556,94.340958,120.714847,-60.330957,0.731505,-0.341220,-0.590313,0.662944,0.558324,0.498779,0.159392,-0.756203,0.634627
1403636586.463556,91.306692,122.266533,-63.315069,0.720160,-0.370208,-0.586784,0.677364,0.558203,0.479153,0.150158,-0.742533,0.652761
1403636586.513556,88.187814,124.180660,-65.318987,0.473967,-0.763556,-0.438564,0.720505,0.622614,-0.305327,0.506190,-0.171273,0.845244
1403636586.563556,84.691164,123.717455,-68.020841,0.469759,-0.771368,-0.429323,0.726623,0.614037,-0.308184,0.501343,-0.167184,0.848943
1403636586.613555,81.891095,124.765449,-70.226538,0.491821,-0.698048,-0.520424,0.708459,0.668295,-0.226867,0.506161,-0.257121,0.823219
1403636586.663556,77.673431,124.653181,-72.036604,0.494864,-0.702677,-0.511229,0.709488,0.666407,-0.229190,0.501733,-0.249294,0.828322
1403636586.713556,73.247170,125.823092,-74.021668,0.471444,-0.707663,-0.526264,0.716026,0.655512,-0.240022,0.514827,-0.263661,0.815742
1403636586.763556,69.079252,125.774768,-75.721134,0.474080,-0.716291,-0.512031,0.723634,0.648264,-0.236870,0.501599,-0.258228,0.825661
1403636586.813555,65.402521,126.423853,-78.039129,0.470146,-0.713688,-0.519242,0.726223,0.647151,-0.231939,0.501560,-0.268040,0.822552
1403636586.863556,61.100213,127.131090,-81.197965,0.469010,-0.706683,-0.529743,0.731041,0.647197,-0.216138,0.495589,-0.285893,0.820157
1403636586.913556,57.406720,127.833072,-83.634325,0.463054,-0.707597,-0.533749,0.734898,0.643165,-0.215091,0.495486,-0.292652,0.817832
1403636586.963556,53.695162,128.546078,-86.118649,0.459008,-0.707617,-0.537206,0.738618,0.639964,-0.211870,0.493716,-0.299540,0.816407
1403636587.013556,50.671170,128.722859,-89.102998,0.457879,-0.714913,-0.528438,0.758312,0.624322,-0.187574,0.464015,-0.314835,0.827991
1403636587.063556,47.007878,129.522728,-91.782529,0.456775,-0.716528,-0.527205,0.761000,0.621650,-0.185553,0.460690,-0.316447,0.829232
1403636587.113555,44.002826,129.726922,-94.930399,0.456973,-0.723145,-0.517916,0.775191,0.609313,-0.166784,0.436182,-0.325268,0.839015
1403636587.163556,41.048053,130.042105,-98.239754,0.459723,-0.727619,-0.509142,0.791472,0.595722,-0.136702,0.402774,-0.340126,0.849757
1403636587.213556,38.160181,130.436046,-101.679441,0.468799,-0.730543,-0.496522,0.810435,0.579308,-0.087164,0.351316,-0.361536,0.863637
1403636587.263556,35.433283,130.960913,-105.298782,0.481991,-0.730309,-0.484080,0.826569,0.562268,-0.025266,0.290635,-0.387948,0.874659
1403636587.313555,33.144990,132.718112,-108.744920,0.492259,-0.714871,-0.496628,0.820030,0.572218,-0.010863,0.291945,-0.401902,0.867895
1403636587.363556,29.192512,133.582278,-111.742664,0.495824,-0.711342,-0.498148,0.817074,0.576448,-0.009891,0.294192,-0.402120,0.867036
1403636587.413556,24.995386,134.818579,-115.308629,0.476745,-0.738037,-0.477510,0.821197,0.567730,-0.057598,0.313606,-0.364670,0.876736
1403636587.463556,21.078804,135.755307,-118.079349,0.472139,-0.747481,-0.467287,0.803081,0.583317,-0.121665,0.363519,-0.317826,0.875694
1403636587.513556,17.281220,135.885484,-121.298339,0.487302,-0.746840,-0.452512,0.802887,0.586966,-0.104133,0.343379,-0.312572,0.885658
1403636587.563556,12.976070,136.505665,-124.578562,0.491891,-0.744115,-0.452036,0.798388,0.592608,-0.106735,0.347303,-0.308398,0.885591
1403636587.613555,9.253041,138.433768,-127.739087,0.377116,-0.743486,-0.552279,0.825072,0.540593,-0.164365,0.420762,-0.393685,0.817295
1403636587.663556,5.428489,140.688001,-130.131344,0.160788,-0.721827,-0.673137,0.760359,0.525427,-0.381811,0.629286,-0.450435,0.633330
1403636587.713556,1.577576,141.833163,-131.712759,0.742353,0.669799,0.016752,0.127421,-0.165682,0.977913,0.657781,-0.723822,-0.208341
1403636587.763556,-3.086505,144.365139,-132.659486,0.759864,0.647578,0.057000,0.098988,-0.201918,0.974387,0.642501,-0.734760,-0.217533
1403636587.813555,-7.209460,147.860490,-134.293931,0.752225,0.654754,0.073854,0.086788,-0.209565,0.973935,0.653165,-0.726209,-0.214465
1403636587.863556,-11.730979,152.003268,-135.415536,0.758990,0.641051,0.113960,0.058555,-0.241521,0.968627,0.648463,-0.728506,-0.220849
1403636587.913556,-16.380351,154.925532,-135.735293,0.847209,0.508395,-0.154178,0.391063,-0.400361,0.828722,0.359592,-0.762394,-0.538004
1403636587.963556,-18.700752,159.207938,-133.814974,0.699549,0.614152,0.365306,0.014302,-0.523146,0.852123,0.714441,-0.590877,-0.374750
1403636588.013556,-23.024268,163.219798,-134.408796,0.708986,0.604521,0.363172,0.016925,-0.529412,0.848196,0.705020,-0.595212,-0.385577
1403636588.063556,-26.626357,165.806439,-134.210039,0.727334,0.569045,0.383632,0.010376,-0.568053,0.822926,0.686205,-0.594562,-0.419069
1403636588.113555,-31.862282,169.204440,-133.906460,0.751510,0.528858,0.394389,-0.005849,-0.592447,0.805589,0.659696,-0.607714,-0.442136
1403636588.163556,-35.524167,172.873604,-134.257965,0.756208,0.522721,0.393589,-0.005456,-0.596456,0.802627,0.654309,-0.609101,-0.448193
1403636588.213556,-40.225257,176.773280,-132.958277,0.755826,0.524071,0.392525,0.007114,-0.606021,0.795417,0.654733,-0.598405,-0.461775
1403636588.263556,-44.441495,180.313302,-132.376251,0.754645,0.524566,0.394133,0.008322,-0.608295,0.793668,0.656080,-0.595658,-0.463412
1403636588.313555,-48.682422,183.872193,-131.807280,0.752316,0.525165,0.397771,0.009262,-0.612150,0.790687,0.658737,-0.591163,-0.465395
1403636588.363556,-52.948185,187.449538,-131.251401,0.749836,0.526894,0.400162,0.011997,-0.615546,0.788009,0.661515,-0.586077,-0.467880
1403636588.413556,-57.268528,190.045713,-130.718016,0.755919,0.517946,0.400397,0.008587,-0.619398,0.785030,0.654609,-0.589981,-0.472662
1403636588.463556,-61.538258,193.710122,-130.163780,0.755062,0.517452,0.402647,0.008233,-0.621549,0.783332,0.655602,-0.588149,-0.473568
1403636588.513556,-65.832638,197.393475,-129.621666,0.755454,0.517472,0.401885,0.006949,-0.619670,0.784832,0.655165,-0.590112,-0.471728
1403636588.563556,-70.151160,201.096084,-129.092160,0.755158,0.518051,0.401695,0.006548,-0.618698,0.785602,0.655510,-0.590623,-0.470607
1403636588.613555,-74.518400,204.193221,-127.794940,0.743023,0.514804,0.427661,0.020167,-0.655931,0.754551,0.668962,-0.552024,-0.497754
1403636588.663556,-78.986845,207.172829,-126.349956,0.733372,0.511473,0.447841,0.032656,-0.684500,0.728281,0.679043,-0.519476,-0.518695
1403636588.713556,-83.596209,210.351436,-124.626302,0.735140,0.512717,0.443497,0.035479,-0.682409,0.730109,0.676986,-0.520998,-0.519857
1403636588.763556,-88.150505,213.512599,-122.948694,0.739689,0.512235,0.436435,0.041254,-0.681837,0.730340,0.671684,-0.522219,-0.525479
1403636588.813555,-92.700854,216.689381,-121.287477,0.744539,0.511769,0.428667,0.046325,-0.680180,0.731580,0.665970,-0.524831,-0.530128
1403636588.863556,-97.243275,219.860910,-119.659112,0.747423,0.512503,0.422729,0.050772,-0.678510,0.732834,0.662406,-0.526274,-0.533155
1403636588.913556,-102.390926,223.087209,-118.230211,0.757519,0.507813,0.410233,0.065915,-0.684695,0.725843,0.649477,-0.522799,-0.552142
1403636588.963556,-105.976759,226.751513,-117.435637,0.733414,0.560562,0.384544,0.106357,-0.653344,0.749553,0.671410,-0.508834,-0.538791
1403636589.013556,-111.414381,229.540613,-116.952527,0.755359,0.604607,0.252752,0.267507,-0.636588,0.723323,0.598224,-0.478756,-0.642589
1403636589.063556,-115.906603,232.208927,-114.822191,0.756712,0.605999,0.245260,0.264019,-0.626485,0.733355,0.598064,-0.490186,-0.634064
1403636589.113555,-120.569314,235.158246,-112.613278,0.754541,0.608026,0.246926,0.265418,-0.626863,0.732527,0.600184,-0.487183,-0.634375
1403636589.163556,-125.068932,238.029868,-110.553041,0.751845,0.610556,0.248901,0.264266,-0.624897,0.734620,0.604064,-0.486544,-0.631175
1403636589.213556,-130.647775,240.927552,-109.565752,0.734718,0.662539,0.145710,0.367346,-0.569148,0.735614,0.570303,-0.486943,-0.661544
1403636589.263556,-136.352727,243.683166,-108.103526,0.708793,0.705374,0.007744,0.495722,-0.505876,0.705939,0.501868,-0.496525,-0.708231
1403636589.313555,-141.550502,245.935619,-106.073908,-0.283139,0.657215,-0.698499,0.948734,0.085252,-0.304360,-0.140482,-0.748867,-0.647660
1403636589.363556,-142.039087,249.178685,-101.150336,-0.296098,0.679644,-0.671126,0.943702,0.099666,-0.315427,-0.147489,-0.726740,-0.670892
1403636589.413556,-144.389772,252.353641,-95.957477,-0.218753,0.553280,-0.803759,0.963279,-0.008985,-0.268354,-0.155696,-0.832947,-0.530998
1403636589.463556,-145.422821,256.139218,-92.299485,-0.180484,0.576527,-0.796896,0.976647,0.009029,-0.214662,-0.116563,-0.817028,-0.564692
1403636589.513556,-146.302805,259.886751,-88.031172,-0.181949,0.581266,-0.793111,0.976428,0.011558,-0.215534,-0.116115,-0.813632,-0.569667
1403636589.563556,-147.218010,263.838701,-83.700797,-0.178881,0.575496,-0.798001,0.976126,0.002239,-0.217196,-0.123208,-0.817802,-0.562157
1403636589.613555,-148.115122,267.842962,-79.405633,-0.178055,0.570356,-0.801867,0.975923,-0.001972,-0.218107,-0.125980,-0.821395,-0.556272
1403636589.663556,-150.511509,272.455383,-74.572365,-0.174247,0.525920,-0.832494,0.974997,-0.026255,-0.220661,-0.137907,-0.850128,-0.508196
1403636589.713556,-151.533744,276.006985,-70.407636,-0.504102,0.663656,-0.552669,0.834098,0.208166,-0.510830,-0.223969,-0.718490,-0.658491
1403636589.763556,-151.430975,279.266421,-65.145953,-0.501994,0.656672,-0.562835,0.832170,0.189482,-0.521142,-0.235573,-0.729985,-0.641582
1403636589.813555,-152.384575,282.508014,-60.447621,-0.494255,0.612716,-0.616678,0.853702,0.208255,-0.477308,-0.164028,-0.762371,-0.626008
1403636589.863556,-153.134130,286.372848,-55.096632,-0.496008,0.595239,-0.632192,0.849911,0.183692,-0.493871,-0.177843,-0.782271,-0.597013
1403636589.913556,-153.949219,289.234348,-48.853885,-0.592106,0.486906,-0.642132,0.789829,0.192491,-0.582337,-0.159939,-0.851980,-0.498548
1403636589.963556,-154.381776,293.652121,-43.859589,-0.597395,0.462852,-0.654895,0.785840,0.175019,-0.593148,-0.159921,-0.868986,-0.468283
1403636590.013556,-155.954160,297.836847,-39.421195,-0.572527,0.421598,-0.703185,0.810190,0.159410,-0.564074,-0.125717,-0.892661,-0.432841
1403636590.063556,-156.175774,301.720779,-34.704529,-0.618229,0.423151,-0.662372,0.778156,0.210761,-0.591653,-0.110756,-0.881205,-0.459576
1403636590.113555,-156.385056,305.451447,-29.839711,-0.647242,0.422850,-0.634252,0.755358,0.243862,-0.608248,-0.102528,-0.872771,-0.477240
1403636590.163556,-158.146697,309.333603,-25.591132,-0.594153,0.434582,-0.676846,0.798593,0.218198,-0.560927,-0.096082,-0.873801,-0.476698
1403636590.213556,-158.979128,312.859430,-19.949207,-0.609380,0.423456,-0.670330,0.787047,0.220714,-0.576057,-0.095983,-0.878619,-0.467778
1403636590.263556,-160.429009,316.561477,-15.093311,-0.610129,0.424689,-0.668866,0.786223,0.220154,-0.577396,-0.097960,-0.878163,-0.468223
1403636590.313555,-162.550863,320.545526,-10.934424,-0.596793,0.437823,-0.672420,0.795481,0.213058,-0.567288,-0.105107,-0.873451,-0.475431
1403636590.363556,-164.530879,324.538376,-6.881655,-0.563124,0.466408,-0.682169,0.818939,0.204497,-0.536209,-0.110590,-0.860607,-0.497117
1403636590.413556,-166.000350,328.246967,-2.005571,-0.563071,0.465363,-0.682927,0.819519,0.207943,-0.533993,-0.106490,-0.860347,-0.498460
1403636590.463556,-168.229950,331.471911,3.253003,-0.562138,0.475948,-0.676369,0.820937,0.221917,-0.526132,-0.100314,-0.851015,-0.515472
1403636590.513556,-169.577200,335.134300,9.164723,-0.674682,0.398306,-0.621415,0.715293,0.145116,-0.683592,-0.182101,-0.905701,-0.382812
1403636590.563556,-171.162892,339.507435,13.800129,-0.568744,0.387619,-0.725452,0.791594,0.018395,-0.610770,-0.223402,-0.921636,-0.317299
1403636590.613555,-171.656353,344.551748,18.807225,-0.683710,0.306023,-0.662488,0.674028,-0.083118,-0.734015,-0.279691,-0.948389,-0.149440
1403636590.663556,-172.518886,350.061650,22.219124,-0.570966,0.292633,-0.767049,0.743457,-0.212012,-0.634289,-0.348237,-0.932425,-0.096509
1403636590.713556,-172.091839,356.186690,25.922323,-0.691931,0.201123,-0.693384,0.619399,-0.328046,-0.713254,-0.370913,-0.923003,0.102410
1403636590.763556,-171.832894,362.519886,28.465704,-0.692927,0.197935,-0.693307,0.623475,-0.318452,-0.714050,-0.362120,-0.927044,0.097256
1403636590.813555,-171.660541,368.515679,30.985891,-0.696213,0.190072,-0.692214,0.627129,-0.308156,-0.715367,-0.349282,-0.932155,0.095343
1403636590.863556,-171.458705,373.926715,33.152502,-0.697843,0.248632,-0.671713,0.598026,-0.313864,-0.737465,-0.394183,-0.916336,0.070339
1403636590.913556,-170.917244,379.250652,35.438396,-0.692860,0.310161,-0.650957,0.570737,-0.315835,-0.757963,-0.440685,-0.896688,0.041809
1403636590.963556,-170.064362,384.508678,37.895304,-0.677079,0.371165,-0.635453,0.550923,-0.316836,-0.772074,-0.487901,-0.872841,0.010040
1403636591.013556,-167.424911,390.947217,40.354317,-0.668528,0.426322,-0.609360,0.523137,-0.312795,-0.792771,-0.528580,-0.848769,-0.013912
1403636591.063556,-164.611001,396.548840,43.776425,-0.698697,0.441565,-0.562888,0.448607,-0.342480,-0.825506,-0.557292,-0.829294,0.041201
1403636591.113555,-162.330859,401.139611,45.975975,-0.688770,0.473283,-0.549180,0.444817,-0.322286,-0.835625,-0.572481,-0.819838,0.011456
1403636591.163556,-159.185367,406.614837,49.370098,-0.715994,0.469878,-0.516303,0.369179,-0.372848,-0.851288,-0.592503,-0.800125,0.093488
1403636591.213556,-155.536729,412.897511,51.454962,-0.707525,0.497856,-0.501546,0.365188,-0.350030,-0.862622,-0.605017,-0.793485,0.065844
1403636591.263556,-152.039415,418.358046,54.562505,-0.725688,0.489625,-0.483368,0.299096,-0.408188,-0.862510,-0.619612,-0.770487,0.149772
1403636591.313555,-148.073349,423.849919,57.070629,-0.740984,0.492500,-0.456494,0.240706,-0.439821,-0.865227,-0.626900,-0.751000,0.207352
1403636591.363556,-144.053385,429.394115,59.234390,-0.750266,0.484837,-0.449482,0.187386,-0.496041,-0.847838,-0.634025,-0.720331,0.281311
1403636591.413556,-140.814717,434.079784,60.056054,-0.738599,0.508347,-0.442780,0.188219,-0.475186,-0.859518,-0.647337,-0.718179,0.255291
1403636591.463556,-136.126735,439.465796,61.694902,-0.743050,0.514819,-0.427595,0.157062,-0.486938,-0.859199,-0.650545,-0.705587,0.280960
1403636591.513556,-132.203993,443.778626,62.702900,-0.740616,0.525618,-0.418586,0.165196,-0.461407,-0.871673,-0.651305,-0.714724,0.254895
1403636591.563556,-127.796421,448.885928,62.455150,-0.738930,0.537420,-0.406402,0.190312,-0.412131,-0.891027,-0.646346,-0.735750,0.202259
1403636591.613555,-124.134640,453.908946,64.266054,-0.726721,0.546583,-0.416082,0.217167,-0.391840,-0.894036,-0.651702,-0.740074,0.166059
1403636591.663556,-119.822958,458.851245,64.425475,-0.711683,0.567216,-0.414455,0.251521,-0.345121,-0.904228,-0.655930,-0.747768,0.102950
1403636591.713556,-115.693473,464.125351,65.811066,-0.696938,0.582741,-0.417959,0.258694,-0.339283,-0.904414,-0.668846,-0.738444,0.085707
1403636591.763556,-111.541356,469.421891,67.171256,-0.682067,0.598429,-0.420317,0.265626,-0.332769,-0.904825,-0.681342,-0.728798,0.068013
1403636591.813555,-107.366892,474.739953,68.506065,-0.666117,0.613711,-0.423848,0.274092,-0.327090,-0.904370,-0.693658,-0.718590,0.049667
1403636591.863556,-103.169680,480.078481,69.816266,-0.652272,0.625773,-0.427727,0.281883,-0.323564,-0.903244,-0.703622,-0.709729,0.034657
1403636591.913556,-98.950363,485.436661,71.101482,-0.642543,0.632520,-0.432501,0.290615,-0.321101,-0.901353,-0.709000,-0.704849,0.022502
1403636591.963556,-94.708808,490.813611,72.362352,-0.639027,0.630737,-0.440245,0.300174,-0.322476,-0.897722,-0.708195,-0.705818,0.016740
1403636592.013556,-90.446158,496.209026,73.597612,-0.641368,0.623402,-0.447232,0.309849,-0.322805,-0.894310,-0.701884,-0.712156,0.013877
1403636592.063556,-86.464410,501.894017,73.893515,-0.643486,0.621789,-0.446435,0.331732,-0.299081,-0.894709,-0.689841,-0.723829,-0.013813
1403636592.113555,-82.497758,507.592250,74.327996,-0.643819,0.621648,-0.446151,0.356032,-0.272733,-0.893788,-0.677302,-0.734282,-0.045736
1403636592.163556,-78.663186,512.259883,76.353717,-0.655578,0.611002,-0.443728,0.361699,-0.261743,-0.894799,-0.662866,-0.747106,-0.049405
1403636592.213556,-74.717240,517.058176,78.541587,-0.667338,0.599849,-0.441408,0.356415,-0.263184,-0.896494,-0.653933,-0.755589,-0.038163
1403636592.263556,-70.807925,521.713142,79.577695,-0.678354,0.595623,-0.430196,0.362809,-0.237602,-0.901063,-0.638909,-0.767319,-0.054919
1403636592.313555,-67.562159,527.105452,80.861562,-0.666045,0.576606,-0.473192,0.404589,-0.253684,-0.878608,-0.626652,-0.776640,-0.064324
1403636592.363556,-62.912799,532.806972,81.600867,-0.699198,0.578191,-0.420497,0.400585,-0.170325,-0.900289,-0.592161,-0.797925,-0.112524
1403636592.413556,-59.809181,538.557327,83.017066,-0.656094,0.550880,-0.515822,0.509027,-0.181587,-0.841379,-0.557165,-0.814590,-0.161275
1403636592.463556,-55.662607,543.609476,85.098250,-0.653653,0.579591,-0.486634,0.476575,-0.184266,-0.859606,-0.587890,-0.793801,-0.155773
1403636592.513556,-51.561847,548.444191,87.887189,-0.659226,0.578350,-0.480555,0.441985,-0.218997,-0.869879,-0.608335,-0.785845,-0.111254
1403636592.563556,-47.325110,553.224847,90.026775,-0.654888,0.582858,-0.481038,0.425636,-0.241494,-0.872075,-0.624464,-0.775859,-0.089934
1403636592.613555,-43.943312,559.103443,91.225949,-0.635039,0.554414,-0.537914,0.503785,-0.230645,-0.832468,-0.585599,-0.799642,-0.132837
1403636592.663556,-40.220137,564.233814,93.125235,-0.624228,0.566563,-0.537908,0.487683,-0.255311,-0.834854,-0.610331,-0.783468,-0.116931
1403636592.713556,-36.836404,570.206000,94.374942,-0.485109,0.666515,-0.566062,0.693103,-0.101623,-0.713639,-0.533177,-0.738532,-0.412665
1403636592.763556,-34.237403,574.830572,98.023570,-0.570622,0.812056,0.122290,-0.043912,0.118528,-0.991979,-0.820038,-0.571416,-0.031975
1403636592.813555,-29.201180,579.270312,100.277352,-0.625257,0.778514,0.054490,-0.026732,0.048416,-0.998469,-0.779961,-0.625757,-0.009462
1403636592.863556,-23.037312,584.419755,102.271546,-0.639893,0.767623,0.035941,-0.067590,-0.009632,-0.997667,-0.765486,-0.640829,0.058047
1403636592.913556,-16.854371,588.487234,103.610939,-0.679652,0.731111,0.059578,-0.158014,-0.066609,-0.985188,-0.716313,-0.678999,0.160797
1403636592.963556,-11.864075,593.809332,105.746854,-0.471511,0.748122,-0.466894,-0.108855,-0.574769,-0.811043,-0.875116,-0.331592,0.352447
1403636593.013556,-5.891933,597.041586,104.741984,-0.468010,0.740000,-0.483081,-0.154897,-0.606871,-0.779560,-0.870042,-0.290014,0.398645
1403636593.063556,0.387530,600.238950,103.343285,-0.467062,0.742079,-0.480803,-0.197528,-0.617580,-0.761300,-0.861879,-0.260602,0.435030
1403636593.113555,6.209839,603.637408,101.973220,-0.417683,0.812582,-0.406510,-0.169237,-0.509155,-0.843872,-0.892692,-0.283674,0.350185
1403636593.163556,12.232819,606.674027,102.757677,-0.414489,0.836837,-0.357634,-0.229114,-0.476279,-0.848920,-0.880741,-0.269929,0.389144
1403636593.213556,19.795141,609.999860,103.492064,-0.602489,0.683477,-0.412149,-0.454696,-0.718333,-0.526545,-0.655942,-0.129835,0.743561
1403636593.263556,24.838751,613.286762,100.019936,-0.554078,0.713471,-0.428902,-0.390839,-0.677858,-0.622698,-0.735011,-0.177392,0.654439
1403636593.313555,31.125050,616.709176,96.863552,-0.556625,0.706535,-0.437009,-0.409474,-0.691025,-0.595664,-0.722841,-0.152618,0.673950
1403636593.363556,37.091643,619.495686,94.138779,-0.621524,0.716022,-0.317836,-0.377043,-0.629044,-0.679811,-0.686692,-0.302681,0.660937
1403636593.413556,44.036640,623.438286,92.241545,-0.755215,0.627599,-0.189130,-0.456925,-0.710937,-0.534591,-0.469968,-0.317313,0.823676
1403636593.463556,48.531752,628.364075,87.793893,-0.754762,0.630546,-0.180957,-0.462078,-0.706821,-0.535619,-0.465637,-0.320649,0.824843
1403636593.513556,52.593975,633.639059,84.191705,-0.730335,0.660056,-0.175891,-0.473641,-0.674867,-0.565878,-0.492215,-0.329971,0.805508
1403636593.563556,57.520613,637.479971,80.445073,-0.824784,0.565434,-0.003987,-0.388381,-0.571619,-0.722780,-0.410964,-0.594589,0.691067
1403636593.613555,62.810001,643.495831,77.859128,-0.826872,0.532986,0.179466,-0.521025,-0.605881,-0.601200,-0.211696,-0.590622,0.778685
1403636593.663556,65.996492,648.983386,73.904980,-0.880838,0.391505,0.266172,-0.454463,-0.541770,-0.707070,-0.132618,-0.743780,0.655137
1403636593.713556,68.504306,655.428796,70.894172,-0.918230,0.233840,0.319645,-0.393356,-0.444533,-0.804774,-0.046095,-0.864702,0.500166
1403636593.763556,70.003753,663.595141,69.167151,-0.932554,0.157812,0.324713,-0.361029,-0.410366,-0.837411,0.001098,-0.898162,0.439664
1403636593.813555,70.717349,671.064645,68.574897,-0.886166,0.296648,-0.355963,0.226012,-0.393912,-0.890928,-0.404510,-0.869962,0.282025
1403636593.863556,73.200232,679.226725,69.872561,-0.878855,0.287626,-0.380637,0.271250,-0.355093,-0.894613,-0.392476,-0.889483,0.234056
1403636593.913556,76.444040,686.684401,69.795755,-0.879544,0.280168,-0.384589,0.320320,-0.249044,-0.913987,-0.351849,-0.927083,0.129302
1403636593.963556,78.650638,694.069483,70.223123,-0.654347,0.397801,-0.643105,0.718566,0.062161,-0.692676,-0.235571,-0.915363,-0.326521
1403636594.013556,79.817067,701.618214,73.973863,-0.643960,0.439634,-0.626129,0.745155,0.174953,-0.643533,-0.173376,-0.880973,-0.440258
1403636594.063556,80.818543,708.629223,78.295780,-0.634179,0.471527,-0.612764,0.763057,0.253823,-0.594406,-0.124745,-0.844533,-0.520771
1403636594.113555,80.225239,714.384946,84.042715,-0.615545,0.483778,-0.622144,0.781614,0.273662,-0.560525,-0.100913,-0.831305,-0.546579
1403636594.163556,79.858257,720.510959,88.395181,-0.348003,0.549537,-0.759541,0.936875,0.233286,-0.260468,0.034054,-0.802238,-0.596032
1403636594.213556,78.672296,726.582634,92.682603,-0.068796,0.586037,-0.807359,0.982250,0.181349,0.047937,0.174507,-0.789730,-0.588111
1403636594.263556,77.564783,732.866080,97.555830,-0.077491,0.652272,-0.754014,0.969250,0.226458,0.096291,0.233560,-0.723366,-0.649763
1403636594.313555,74.387382,737.879923,103.023555,-0.061683,0.613966,-0.786919,0.975406,0.204235,0.082890,0.211609,-0.762453,-0.611464
1403636594.363556,73.220281,744.049679,108.538798,-0.147370,0.794064,-0.589698,0.963771,0.249300,0.094844,0.222324,-0.554357,-0.802035
1403636594.413556,71.357346,747.788482,115.991528,-0.035928,0.886803,-0.460749,0.998496,0.050962,0.020226,0.041417,-0.459329,-0.887300
